2% Long Anneal

wavelength (microns), Re(index)
1.6, 1.47736
1.59914, 1.47738
1.59914, 1.47738
1.59904, 1.47738
1.59808, 1.47739
1.59712, 1.4774
1.59617, 1.47741
1.5957, 1.47742
1.5957, 1.47742
1.59521, 1.47742
1.59425, 1.47743
1.5933, 1.47744
1.59235, 1.47745
1.59226, 1.47745
1.59226, 1.47745
1.5914, 1.47746
1.59045, 1.47746
1.5895, 1.47747
1.58883, 1.47747
1.58883, 1.47747
1.58855, 1.47748
1.5876, 1.47748
1.58666, 1.47749
1.58571, 1.47749
1.58539, 1.47749
1.58539, 1.47749
1.58477, 1.4775
1.58383, 1.4775
1.58289, 1.47751
1.58195, 1.47751
1.58195, 1.47751
1.58195, 1.47751
1.58101, 1.47752
1.58007, 1.47752
1.57913, 1.47752
1.57851, 1.47753
1.57851, 1.47753
1.5782, 1.47753
1.57726, 1.47753
1.57633, 1.47753
1.57633, 1.47753
1.5754, 1.47754
1.57507, 1.47754
1.57507, 1.47754
1.57447, 1.47754
1.57354, 1.47754
1.57261, 1.47755
1.57168, 1.47755
1.57163, 1.47755
1.57163, 1.47755
1.57075, 1.47755
1.56983, 1.47756
1.5689, 1.47756
1.56819, 1.47756
1.56819, 1.47756
1.56798, 1.47756
1.56706, 1.47756
1.56614, 1.47757
1.56522, 1.47757
1.56475, 1.47757
1.56475, 1.47757
1.5643, 1.47757
1.56338, 1.47758
1.56246, 1.47758
1.56155, 1.47758
1.56131, 1.47758
1.56131, 1.47758
1.56063, 1.47759
1.55972, 1.47759
1.55881, 1.47759
1.55789, 1.4776
1.55787, 1.4776
1.55787, 1.4776
1.55698, 1.4776
1.55607, 1.4776
1.55517, 1.47761
1.55442, 1.47761
1.55442, 1.47761
1.55426, 1.47761
1.55335, 1.47761
1.55335, 1.47761
1.55245, 1.47762
1.55154, 1.47762
1.55098, 1.47762
1.55098, 1.47762
1.55064, 1.47762
1.54974, 1.47763
1.54884, 1.47763
1.54794, 1.47763
1.54754, 1.47764
1.54754, 1.47764
1.54704, 1.47764
1.54614, 1.47764
1.54524, 1.47764
1.54435, 1.47765
1.5441, 1.47765
1.5441, 1.47765
1.54345, 1.47765
1.54256, 1.47766
1.54167, 1.47766
1.54078, 1.47766
1.54065, 1.47766
1.54065, 1.47766
1.53988, 1.47767
1.53899, 1.47767
1.53811, 1.47768
1.53722, 1.47768
1.53721, 1.47768
1.53721, 1.47768
1.53633, 1.47768
1.53545, 1.47769
1.53456, 1.47769
1.53377, 1.4777
1.53377, 1.4777
1.53368, 1.4777
1.5328, 1.4777
1.53191, 1.47771
1.53103, 1.47771
1.53103, 1.47771
1.53032, 1.47771
1.53032, 1.47771
1.53016, 1.47771
1.52928, 1.47772
1.5284, 1.47772
1.52752, 1.47773
1.52688, 1.47773
1.52688, 1.47773
1.52665, 1.47773
1.52577, 1.47774
1.5249, 1.47774
1.52403, 1.47775
1.52344, 1.47775
1.52344, 1.47775
1.52316, 1.47775
1.52229, 1.47776
1.52142, 1.47776
1.52055, 1.47776
1.51999, 1.47777
1.51999, 1.47777
1.51968, 1.47777
1.51881, 1.47777
1.51795, 1.47778
1.51708, 1.47778
1.51655, 1.47779
1.51655, 1.47779
1.51622, 1.47779
1.51536, 1.47779
1.5145, 1.4778
1.51364, 1.4778
1.5131, 1.47781
1.5131, 1.47781
1.51278, 1.47781
1.51192, 1.47781
1.51106, 1.47782
1.5102, 1.47782
1.50966, 1.47783
1.50966, 1.47783
1.50935, 1.47783
1.50935, 1.47783
1.50849, 1.47783
1.50764, 1.47784
1.50679, 1.47784
1.50621, 1.47785
1.50621, 1.47785
1.50594, 1.47785
1.50508, 1.47785
1.50423, 1.47786
1.50339, 1.47786
1.50276, 1.47787
1.50276, 1.47787
1.50254, 1.47787
1.50169, 1.47787
1.50085, 1.47788
1.5, 1.47788
1.49932, 1.47789
1.49932, 1.47789
1.49916, 1.47789
1.49831, 1.47789
1.49747, 1.4779
1.49663, 1.4779
1.49587, 1.47791
1.49587, 1.47791
1.49579, 1.47791
1.49495, 1.47791
1.49411, 1.47792
1.49327, 1.47792
1.49244, 1.47793
1.49243, 1.47793
1.49243, 1.47793
1.4916, 1.47793
1.49077, 1.47794
1.48993, 1.47794
1.4891, 1.47795
1.48898, 1.47795
1.48898, 1.47795
1.48827, 1.47795
1.48827, 1.47795
1.48744, 1.47796
1.48661, 1.47796
1.48578, 1.47797
1.48553, 1.47797
1.48553, 1.47797
1.48495, 1.47797
1.48412, 1.47798
1.4833, 1.47798
1.48247, 1.47799
1.48208, 1.47799
1.48208, 1.47799
1.48165, 1.47799
1.48082, 1.478
1.48, 1.478
1.47918, 1.47801
1.47864, 1.47801
1.47864, 1.47801
1.47836, 1.47801
1.47754, 1.47802
1.47672, 1.47802
1.4759, 1.47803
1.47519, 1.47803
1.47519, 1.47803
1.47508, 1.47803
1.47427, 1.47804
1.47345, 1.47804
1.47264, 1.47805
1.47182, 1.47805
1.47174, 1.47805
1.47174, 1.47805
1.47101, 1.47806
1.4702, 1.47806
1.46939, 1.47807
1.46858, 1.47807
1.46829, 1.47808
1.46829, 1.47808
1.46777, 1.47808
1.46777, 1.47808
1.46696, 1.47808
1.46615, 1.47809
1.46535, 1.47809
1.46484, 1.4781
1.46484, 1.4781
1.46454, 1.4781
1.46374, 1.4781
1.46293, 1.47811
1.46213, 1.47811
1.46139, 1.47812
1.46139, 1.47812
1.46133, 1.47812
1.46053, 1.47812
1.45973, 1.47813
1.45893, 1.47813
1.45813, 1.47814
1.45794, 1.47814
1.45794, 1.47814
1.45733, 1.47814
1.45653, 1.47815
1.45574, 1.47815
1.45494, 1.47816
1.45449, 1.47816
1.45449, 1.47816
1.45415, 1.47816
1.45336, 1.47817
1.45256, 1.47817
1.45177, 1.47818
1.45104, 1.47818
1.45104, 1.47818
1.45098, 1.47818
1.45019, 1.47819
1.4494, 1.47819
1.44861, 1.4782
1.44783, 1.4782
1.44783, 1.4782
1.44759, 1.4782
1.44759, 1.4782
1.44704, 1.47821
1.44625, 1.47821
1.44547, 1.47822
1.44469, 1.47822
1.44414, 1.47822
1.44414, 1.47822
1.4439, 1.47823
1.44312, 1.47823
1.44234, 1.47824
1.44156, 1.47824
1.44078, 1.47824
1.44069, 1.47825
1.44069, 1.47825
1.44, 1.47825
1.43922, 1.47825
1.43844, 1.47826
1.43767, 1.47826
1.43724, 1.47827
1.43724, 1.47827
1.43689, 1.47827
1.43612, 1.47827
1.43534, 1.47828
1.43457, 1.47828
1.4338, 1.47829
1.43379, 1.47829
1.43379, 1.47829
1.43303, 1.47829
1.43226, 1.4783
1.43149, 1.4783
1.43072, 1.47831
1.43034, 1.47831
1.43034, 1.47831
1.42995, 1.47831
1.42918, 1.47832
1.42842, 1.47832
1.42842, 1.47832
1.42765, 1.47833
1.42689, 1.47833
1.42689, 1.47833
1.42689, 1.47833
1.42612, 1.47834
1.42536, 1.47834
1.4246, 1.47834
1.42384, 1.47835
1.42344, 1.47835
1.42344, 1.47835
1.42308, 1.47835
1.42232, 1.47836
1.42156, 1.47836
1.4208, 1.47837
1.42004, 1.47837
1.41999, 1.47837
1.41999, 1.47837
1.41929, 1.47838
1.41853, 1.47838
1.41778, 1.47839
1.41702, 1.47839
1.41653, 1.47839
1.41653, 1.47839
1.41627, 1.4784
1.41552, 1.4784
1.41476, 1.47841
1.41401, 1.47841
1.41326, 1.47841
1.41308, 1.47842
1.41308, 1.47842
1.41251, 1.47842
1.41176, 1.47842
1.41102, 1.47843
1.41027, 1.47843
1.40963, 1.47844
1.40963, 1.47844
1.40952, 1.47844
1.40952, 1.47844
1.40878, 1.47844
1.40803, 1.47845
1.40729, 1.47845
1.40655, 1.47846
1.40618, 1.47846
1.40618, 1.47846
1.4058, 1.47846
1.40506, 1.47847
1.40432, 1.47847
1.40358, 1.47847
1.40284, 1.47848
1.40272, 1.47848
1.40272, 1.47848
1.40211, 1.47848
1.40137, 1.47849
1.40063, 1.47849
1.39989, 1.4785
1.39927, 1.4785
1.39927, 1.4785
1.39916, 1.4785
1.39843, 1.47851
1.39769, 1.47851
1.39696, 1.47852
1.39623, 1.47852
1.39582, 1.47852
1.39582, 1.47852
1.3955, 1.47853
1.39476, 1.47853
1.39403, 1.47853
1.39331, 1.47854
1.39258, 1.47854
1.39236, 1.47855
1.39236, 1.47855
1.39185, 1.47855
1.39112, 1.47855
1.39112, 1.47855
1.3904, 1.47856
1.38967, 1.47856
1.38895, 1.47857
1.38891, 1.47857
1.38891, 1.47857
1.38822, 1.47857
1.3875, 1.47858
1.38678, 1.47858
1.38606, 1.47859
1.38546, 1.47859
1.38546, 1.47859
1.38534, 1.47859
1.38462, 1.47859
1.3839, 1.4786
1.38318, 1.4786
1.38246, 1.47861
1.382, 1.47861
1.382, 1.47861
1.38174, 1.47861
1.38103, 1.47862
1.38031, 1.47862
1.3796, 1.47863
1.37888, 1.47863
1.37855, 1.47863
1.37855, 1.47863
1.37817, 1.47864
1.37746, 1.47864
1.37674, 1.47865
1.37603, 1.47865
1.37532, 1.47865
1.37509, 1.47866
1.37509, 1.47866
1.37461, 1.47866
1.3739, 1.47866
1.3732, 1.47867
1.3732, 1.47867
1.37249, 1.47867
1.37178, 1.47868
1.37164, 1.47868
1.37164, 1.47868
1.37108, 1.47868
1.37037, 1.47869
1.36967, 1.47869
1.36896, 1.4787
1.36826, 1.4787
1.36818, 1.4787
1.36818, 1.4787
1.36756, 1.4787
1.36685, 1.47871
1.36615, 1.47871
1.36545, 1.47872
1.36475, 1.47872
1.36473, 1.47872
1.36473, 1.47872
1.36406, 1.47873
1.36336, 1.47873
1.36266, 1.47874
1.36196, 1.47874
1.36127, 1.47875
1.36127, 1.47875
1.36127, 1.47875
1.36057, 1.47875
1.35988, 1.47876
1.35918, 1.47876
1.35849, 1.47877
1.35782, 1.47877
1.35782, 1.47877
1.3578, 1.47877
1.35711, 1.47877
1.35642, 1.47878
1.35573, 1.47878
1.35573, 1.47878
1.35504, 1.47879
1.35436, 1.47879
1.35436, 1.47879
1.35435, 1.47879
1.35366, 1.4788
1.35297, 1.4788
1.35228, 1.47881
1.3516, 1.47881
1.35091, 1.47882
1.35091, 1.47882
1.35091, 1.47882
1.35023, 1.47882
1.34954, 1.47883
1.34886, 1.47883
1.34818, 1.47884
1.3475, 1.47884
1.34745, 1.47884
1.34745, 1.47884
1.34681, 1.47884
1.34613, 1.47885
1.34545, 1.47885
1.34478, 1.47886
1.3441, 1.47886
1.34399, 1.47886
1.34399, 1.47886
1.34342, 1.47887
1.34274, 1.47887
1.34207, 1.47888
1.34139, 1.47888
1.34071, 1.47889
1.34054, 1.47889
1.34054, 1.47889
1.34004, 1.47889
1.33937, 1.4789
1.33869, 1.4789
1.33869, 1.4789
1.33802, 1.47891
1.33735, 1.47891
1.33708, 1.47891
1.33708, 1.47891
1.33668, 1.47892
1.33601, 1.47892
1.33534, 1.47892
1.33467, 1.47893
1.334, 1.47893
1.33362, 1.47894
1.33362, 1.47894
1.33333, 1.47894
1.33267, 1.47894
1.332, 1.47895
1.33133, 1.47895
1.33067, 1.47896
1.33017, 1.47896
1.33017, 1.47896
1.33, 1.47896
1.32934, 1.47897
1.32868, 1.47897
1.32802, 1.47898
1.32735, 1.47898
1.32671, 1.47899
1.32671, 1.47899
1.32669, 1.47899
1.32603, 1.47899
1.32537, 1.479
1.32471, 1.479
1.32406, 1.47901
1.3234, 1.47901
1.32325, 1.47901
1.32325, 1.47901
1.32274, 1.47902
1.32208, 1.47902
1.32208, 1.47902
1.32143, 1.47903
1.32077, 1.47903
1.32012, 1.47903
1.31979, 1.47904
1.31979, 1.47904
1.31947, 1.47904
1.31881, 1.47904
1.31816, 1.47905
1.31751, 1.47905
1.31686, 1.47906
1.31634, 1.47906
1.31634, 1.47906
1.31621, 1.47906
1.31556, 1.47907
1.31491, 1.47907
1.31426, 1.47908
1.31361, 1.47908
1.31296, 1.47909
1.31288, 1.47909
1.31288, 1.47909
1.31232, 1.47909
1.31167, 1.4791
1.31102, 1.4791
1.31038, 1.47911
1.30973, 1.47911
1.30942, 1.47912
1.30942, 1.47912
1.30909, 1.47912
1.30845, 1.47912
1.30781, 1.47913
1.30716, 1.47913
1.30652, 1.47914
1.30596, 1.47914
1.30596, 1.47914
1.30588, 1.47914
1.30588, 1.47914
1.30524, 1.47915
1.3046, 1.47915
1.30396, 1.47916
1.30333, 1.47916
1.30269, 1.47917
1.30251, 1.47917
1.30251, 1.47917
1.30205, 1.47917
1.30142, 1.47918
1.30078, 1.47918
1.30015, 1.47919
1.29951, 1.47919
1.29905, 1.4792
1.29905, 1.4792
1.29888, 1.4792
1.29825, 1.4792
1.29761, 1.47921
1.29698, 1.47921
1.29635, 1.47922
1.29572, 1.47922
1.29559, 1.47922
1.29559, 1.47922
1.29509, 1.47923
1.29446, 1.47923
1.29383, 1.47924
1.2932, 1.47924
1.29258, 1.47925
1.29213, 1.47925
1.29213, 1.47925
1.29195, 1.47925
1.29132, 1.47926
1.2907, 1.47926
1.29007, 1.47927
1.29007, 1.47927
1.28945, 1.47927
1.28882, 1.47928
1.28867, 1.47928
1.28867, 1.47928
1.2882, 1.47928
1.28758, 1.47929
1.28696, 1.47929
1.28634, 1.4793
1.28571, 1.4793
1.28521, 1.47931
1.28521, 1.47931
1.28509, 1.47931
1.28447, 1.47931
1.28386, 1.47932
1.28324, 1.47932
1.28262, 1.47933
1.282, 1.47933
1.28175, 1.47933
1.28175, 1.47933
1.28139, 1.47934
1.28077, 1.47934
1.28015, 1.47935
1.27954, 1.47935
1.27892, 1.47936
1.27831, 1.47936
1.27829, 1.47936
1.27829, 1.47936
1.2777, 1.47937
1.27709, 1.47937
1.27647, 1.47938
1.27586, 1.47938
1.27525, 1.47939
1.27484, 1.47939
1.27484, 1.47939
1.27464, 1.47939
1.27464, 1.47939
1.27403, 1.4794
1.27342, 1.4794
1.27281, 1.47941
1.27221, 1.47941
1.2716, 1.47942
1.27138, 1.47942
1.27138, 1.47942
1.27099, 1.47942
1.27039, 1.47943
1.26978, 1.47943
1.26918, 1.47944
1.26857, 1.47944
1.26797, 1.47945
1.26792, 1.47945
1.26792, 1.47945
1.26736, 1.47946
1.26676, 1.47946
1.26616, 1.47947
1.26556, 1.47947
1.26496, 1.47948
1.26446, 1.47948
1.26446, 1.47948
1.26436, 1.47948
1.26376, 1.47949
1.26316, 1.47949
1.26256, 1.4795
1.26196, 1.4795
1.26136, 1.47951
1.261, 1.47951
1.261, 1.47951
1.26077, 1.47951
1.26017, 1.47952
1.25957, 1.47952
1.25957, 1.47952
1.25898, 1.47953
1.25838, 1.47953
1.25779, 1.47954
1.25754, 1.47954
1.25754, 1.47954
1.2572, 1.47954
1.2566, 1.47955
1.25601, 1.47955
1.25542, 1.47956
1.25483, 1.47956
1.25424, 1.47957
1.25408, 1.47957
1.25408, 1.47957
1.25365, 1.47958
1.25306, 1.47958
1.25247, 1.47959
1.25188, 1.47959
1.25129, 1.4796
1.2507, 1.4796
1.25062, 1.4796
1.25062, 1.4796
1.25012, 1.47961
1.24953, 1.47961
1.24895, 1.47962
1.24836, 1.47962
1.24778, 1.47963
1.24719, 1.47963
1.24716, 1.47963
1.24716, 1.47963
1.24661, 1.47964
1.24602, 1.47964
1.24544, 1.47965
1.24486, 1.47965
1.24486, 1.47965
1.24428, 1.47966
1.2437, 1.47967
1.2437, 1.47967
1.2437, 1.47967
1.24312, 1.47967
1.24254, 1.47968
1.24196, 1.47968
1.24138, 1.47969
1.2408, 1.47969
1.24024, 1.4797
1.24024, 1.4797
1.24022, 1.4797
1.23965, 1.4797
1.23907, 1.47971
1.23849, 1.47971
1.23792, 1.47972
1.23734, 1.47972
1.23678, 1.47973
1.23678, 1.47973
1.23677, 1.47973
1.23619, 1.47973
1.23562, 1.47974
1.23505, 1.47975
1.23448, 1.47975
1.2339, 1.47976
1.23333, 1.47976
1.23332, 1.47976
1.23332, 1.47976
1.23276, 1.47977
1.23219, 1.47977
1.23162, 1.47978
1.23105, 1.47978
1.23048, 1.47979
1.23048, 1.47979
1.22992, 1.47979
1.22986, 1.47979
1.22986, 1.47979
1.22935, 1.4798
1.22878, 1.4798
1.22822, 1.47981
1.22765, 1.47982
1.22708, 1.47982
1.22652, 1.47983
1.22639, 1.47983
1.22639, 1.47983
1.22595, 1.47983
1.22539, 1.47984
1.22483, 1.47984
1.22426, 1.47985
1.2237, 1.47985
1.22314, 1.47986
1.22293, 1.47986
1.22293, 1.47986
1.22258, 1.47986
1.22202, 1.47987
1.22146, 1.47988
1.2209, 1.47988
1.22034, 1.47989
1.21978, 1.47989
1.21947, 1.4799
1.21947, 1.4799
1.21922, 1.4799
1.21866, 1.4799
1.21811, 1.47991
1.21755, 1.47991
1.21699, 1.47992
1.21644, 1.47992
1.21644, 1.47992
1.21601, 1.47993
1.21601, 1.47993
1.21588, 1.47993
1.21533, 1.47994
1.21477, 1.47994
1.21422, 1.47995
1.21367, 1.47995
1.21311, 1.47996
1.21256, 1.47996
1.21255, 1.47996
1.21255, 1.47996
1.21201, 1.47997
1.21146, 1.47997
1.21091, 1.47998
1.21036, 1.47999
1.20981, 1.47999
1.20926, 1.48
1.20909, 1.48
1.20909, 1.48
1.20871, 1.48
1.20816, 1.48001
1.20762, 1.48001
1.20707, 1.48002
1.20652, 1.48002
1.20598, 1.48003
1.20563, 1.48003
1.20563, 1.48003
1.20543, 1.48003
1.20488, 1.48004
1.20434, 1.48005
1.2038, 1.48005
1.20325, 1.48006
1.20271, 1.48006
1.20271, 1.48006
1.20217, 1.48007
1.20217, 1.48007
1.20217, 1.48007
1.20162, 1.48007
1.20108, 1.48008
1.20054, 1.48008
1.2, 1.48009
1.19946, 1.4801
1.19892, 1.4801
1.1987, 1.4801
1.1987, 1.4801
1.19838, 1.48011
1.19784, 1.48011
1.1973, 1.48012
1.19677, 1.48012
1.19623, 1.48013
1.19569, 1.48013
1.19524, 1.48014
1.19524, 1.48014
1.19515, 1.48014
1.19462, 1.48015
1.19408, 1.48015
1.19355, 1.48016
1.19301, 1.48016
1.19248, 1.48017
1.19195, 1.48017
1.19178, 1.48018
1.19178, 1.48018
1.19141, 1.48018
1.19088, 1.48018
1.19035, 1.48019
1.18982, 1.4802
1.18929, 1.4802
1.18929, 1.4802
1.18876, 1.48021
1.18832, 1.48021
1.18832, 1.48021
1.18822, 1.48021
1.1877, 1.48022
1.18717, 1.48022
1.18664, 1.48023
1.18611, 1.48024
1.18558, 1.48024
1.18505, 1.48025
1.18486, 1.48025
1.18486, 1.48025
1.18453, 1.48025
1.184, 1.48026
1.18347, 1.48026
1.18295, 1.48027
1.18242, 1.48027
1.1819, 1.48028
1.1814, 1.48029
1.1814, 1.48029
1.18137, 1.48029
1.18085, 1.48029
1.18033, 1.4803
1.17981, 1.4803
1.17928, 1.48031
1.17876, 1.48031
1.17824, 1.48032
1.17793, 1.48032
1.17793, 1.48032
1.17772, 1.48033
1.1772, 1.48033
1.17668, 1.48034
1.17616, 1.48034
1.17616, 1.48034
1.17564, 1.48035
1.17512, 1.48035
1.1746, 1.48036
1.17447, 1.48036
1.17447, 1.48036
1.17409, 1.48036
1.17357, 1.48037
1.17305, 1.48038
1.17254, 1.48038
1.17202, 1.48039
1.1715, 1.48039
1.17101, 1.4804
1.17101, 1.4804
1.17099, 1.4804
1.17047, 1.4804
1.16996, 1.48041
1.16945, 1.48042
1.16893, 1.48042
1.16842, 1.48043
1.16791, 1.48043
1.16755, 1.48044
1.16755, 1.48044
1.1674, 1.48044
1.16689, 1.48044
1.16637, 1.48045
1.16586, 1.48045
1.16535, 1.48046
1.16484, 1.48047
1.16434, 1.48047
1.16409, 1.48047
1.16409, 1.48047
1.16383, 1.48048
1.16332, 1.48048
1.16332, 1.48048
1.16281, 1.48049
1.1623, 1.48049
1.1618, 1.4805
1.16129, 1.48051
1.16078, 1.48051
1.16062, 1.48051
1.16062, 1.48051
1.16028, 1.48052
1.15977, 1.48052
1.15927, 1.48053
1.15876, 1.48053
1.15826, 1.48054
1.15776, 1.48055
1.15725, 1.48055
1.15716, 1.48055
1.15716, 1.48055
1.15675, 1.48056
1.15625, 1.48056
1.15575, 1.48057
1.15525, 1.48057
1.15475, 1.48058
1.15425, 1.48059
1.15375, 1.48059
1.1537, 1.48059
1.1537, 1.48059
1.15325, 1.4806
1.15275, 1.4806
1.15225, 1.48061
1.15175, 1.48061
1.15125, 1.48062
1.15076, 1.48062
1.15076, 1.48062
1.15026, 1.48063
1.15024, 1.48063
1.15024, 1.48063
1.14976, 1.48064
1.14927, 1.48064
1.14877, 1.48065
1.14828, 1.48065
1.14778, 1.48066
1.14729, 1.48066
1.14679, 1.48067
1.14677, 1.48067
1.14677, 1.48067
1.1463, 1.48068
1.14581, 1.48068
1.14531, 1.48069
1.14482, 1.48069
1.14433, 1.4807
1.14384, 1.4807
1.14335, 1.48071
1.14331, 1.48071
1.14331, 1.48071
1.14286, 1.48072
1.14237, 1.48072
1.14188, 1.48073
1.14139, 1.48073
1.1409, 1.48074
1.14041, 1.48074
1.13992, 1.48075
1.13985, 1.48075
1.13985, 1.48075
1.13944, 1.48076
1.13895, 1.48076
1.13846, 1.48077
1.13846, 1.48077
1.13798, 1.48077
1.13749, 1.48078
1.137, 1.48078
1.13652, 1.48079
1.13639, 1.48079
1.13639, 1.48079
1.13603, 1.4808
1.13555, 1.4808
1.13507, 1.48081
1.13458, 1.48081
1.1341, 1.48082
1.13362, 1.48082
1.13313, 1.48083
1.13292, 1.48083
1.13292, 1.48083
1.13265, 1.48084
1.13217, 1.48084
1.13169, 1.48085
1.13121, 1.48085
1.13073, 1.48086
1.13025, 1.48086
1.12977, 1.48087
1.12946, 1.48087
1.12946, 1.48087
1.12929, 1.48088
1.12881, 1.48088
1.12834, 1.48089
1.12786, 1.48089
1.12738, 1.4809
1.1269, 1.4809
1.12643, 1.48091
1.12643, 1.48091
1.126, 1.48091
1.126, 1.48091
1.12595, 1.48092
1.12548, 1.48092
1.125, 1.48093
1.12453, 1.48093
1.12405, 1.48094
1.12358, 1.48094
1.1231, 1.48095
1.12263, 1.48095
1.12254, 1.48096
1.12254, 1.48096
1.12216, 1.48096
1.12168, 1.48097
1.12121, 1.48097
1.12074, 1.48098
1.12027, 1.48098
1.1198, 1.48099
1.11933, 1.48099
1.11907, 1.481
1.11907, 1.481
1.11886, 1.481
1.11839, 1.48101
1.11792, 1.48101
1.11745, 1.48102
1.11698, 1.48102
1.11651, 1.48103
1.11605, 1.48103
1.11561, 1.48104
1.11561, 1.48104
1.11558, 1.48104
1.11511, 1.48105
1.11464, 1.48105
1.11464, 1.48105
1.11418, 1.48106
1.11371, 1.48106
1.11325, 1.48107
1.11278, 1.48107
1.11232, 1.48108
1.11215, 1.48108
1.11215, 1.48108
1.11185, 1.48109
1.11139, 1.48109
1.11093, 1.4811
1.11046, 1.4811
1.11, 1.48111
1.10954, 1.48111
1.10908, 1.48112
1.10868, 1.48112
1.10868, 1.48112
1.10861, 1.48113
1.10815, 1.48113
1.10769, 1.48114
1.10723, 1.48114
1.10677, 1.48115
1.10631, 1.48115
1.10585, 1.48116
1.10539, 1.48117
1.10522, 1.48117
1.10522, 1.48117
1.10494, 1.48117
1.10448, 1.48118
1.10402, 1.48118
1.10356, 1.48119
1.10311, 1.48119
1.10311, 1.48119
1.10265, 1.4812
1.10219, 1.4812
1.10176, 1.48121
1.10176, 1.48121
1.10174, 1.48121
1.10128, 1.48122
1.10083, 1.48122
1.10037, 1.48123
1.09992, 1.48123
1.09946, 1.48124
1.09901, 1.48124
1.09856, 1.48125
1.0983, 1.48125
1.0983, 1.48125
1.0981, 1.48126
1.09765, 1.48126
1.0972, 1.48127
1.09675, 1.48127
1.0963, 1.48128
1.09585, 1.48128
1.09539, 1.48129
1.09494, 1.4813
1.09483, 1.4813
1.09483, 1.4813
1.09449, 1.4813
1.09405, 1.48131
1.0936, 1.48131
1.09315, 1.48132
1.0927, 1.48132
1.09225, 1.48133
1.0918, 1.48134
1.0918, 1.48134
1.09137, 1.48134
1.09137, 1.48134
1.09136, 1.48134
1.09091, 1.48135
1.09046, 1.48135
1.09002, 1.48136
1.08957, 1.48136
1.08913, 1.48137
1.08868, 1.48137
1.08824, 1.48138
1.08791, 1.48138
1.08791, 1.48138
1.08779, 1.48139
1.08735, 1.48139
1.0869, 1.4814
1.08646, 1.4814
1.08602, 1.48141
1.08557, 1.48141
1.08513, 1.48142
1.08469, 1.48143
1.08444, 1.48143
1.08444, 1.48143
1.08425, 1.48143
1.08381, 1.48144
1.08337, 1.48144
1.08293, 1.48145
1.08249, 1.48145
1.08205, 1.48146
1.08161, 1.48146
1.08117, 1.48147
1.08098, 1.48147
1.08098, 1.48147
1.08073, 1.48148
1.08073, 1.48148
1.08029, 1.48148
1.07985, 1.48149
1.07942, 1.48149
1.07898, 1.4815
1.07854, 1.4815
1.07811, 1.48151
1.07767, 1.48152
1.07752, 1.48152
1.07752, 1.48152
1.07723, 1.48152
1.0768, 1.48153
1.07636, 1.48153
1.07593, 1.48154
1.07549, 1.48154
1.07506, 1.48155
1.07463, 1.48155
1.07419, 1.48156
1.07405, 1.48156
1.07405, 1.48156
1.07376, 1.48157
1.07333, 1.48157
1.0729, 1.48158
1.07246, 1.48158
1.07203, 1.48159
1.0716, 1.48159
1.07117, 1.4816
1.07074, 1.48161
1.07059, 1.48161
1.07059, 1.48161
1.07031, 1.48161
1.06988, 1.48162
1.06988, 1.48162
1.06945, 1.48162
1.06902, 1.48163
1.06859, 1.48163
1.06816, 1.48164
1.06774, 1.48164
1.06731, 1.48165
1.06713, 1.48165
1.06713, 1.48165
1.06688, 1.48166
1.06645, 1.48166
1.06603, 1.48167
1.0656, 1.48167
1.06517, 1.48168
1.06475, 1.48168
1.06432, 1.48169
1.0639, 1.48169
1.06367, 1.4817
1.06367, 1.4817
1.06347, 1.4817
1.06305, 1.48171
1.06262, 1.48171
1.0622, 1.48172
1.06178, 1.48172
1.06135, 1.48173
1.06093, 1.48173
1.06051, 1.48174
1.0602, 1.48174
1.0602, 1.48174
1.06009, 1.48174
1.05967, 1.48175
1.05924, 1.48176
1.05924, 1.48176
1.05882, 1.48176
1.0584, 1.48177
1.05798, 1.48177
1.05756, 1.48178
1.05714, 1.48178
1.05674, 1.48179
1.05674, 1.48179
1.05672, 1.48179
1.0563, 1.48179
1.05589, 1.4818
1.05547, 1.48181
1.05505, 1.48181
1.05463, 1.48182
1.05421, 1.48182
1.0538, 1.48183
1.05338, 1.48183
1.05328, 1.48183
1.05328, 1.48183
1.05296, 1.48184
1.05255, 1.48184
1.05213, 1.48185
1.05172, 1.48186
1.0513, 1.48186
1.05089, 1.48187
1.05047, 1.48187
1.05006, 1.48188
1.04981, 1.48188
1.04981, 1.48188
1.04965, 1.48188
1.04923, 1.48189
1.04882, 1.48189
1.04882, 1.48189
1.04841, 1.4819
1.04799, 1.48191
1.04758, 1.48191
1.04717, 1.48192
1.04676, 1.48192
1.04635, 1.48193
1.04635, 1.48193
1.04635, 1.48193
1.04594, 1.48193
1.04553, 1.48194
1.04512, 1.48194
1.04471, 1.48195
1.0443, 1.48195
1.04389, 1.48196
1.04348, 1.48197
1.04307, 1.48197
1.04289, 1.48197
1.04289, 1.48197
1.04266, 1.48198
1.04225, 1.48198
1.04185, 1.48199
1.04144, 1.48199
1.04103, 1.482
1.04063, 1.482
1.04022, 1.48201
1.03981, 1.48201
1.03943, 1.48202
1.03943, 1.48202
1.03941, 1.48202
1.039, 1.48203
1.0386, 1.48203
1.0386, 1.48203
1.03819, 1.48204
1.03779, 1.48204
1.03738, 1.48205
1.03698, 1.48205
1.03658, 1.48206
1.03617, 1.48206
1.03596, 1.48207
1.03596, 1.48207
1.03577, 1.48207
1.03537, 1.48207
1.03497, 1.48208
1.03456, 1.48209
1.03416, 1.48209
1.03376, 1.4821
1.03336, 1.4821
1.03296, 1.48211
1.03256, 1.48211
1.0325, 1.48211
1.0325, 1.48211
1.03216, 1.48212
1.03176, 1.48212
1.03136, 1.48213
1.03096, 1.48213
1.03056, 1.48214
1.03016, 1.48215
1.02976, 1.48215
1.02937, 1.48216
1.02904, 1.48216
1.02904, 1.48216
1.02897, 1.48216
1.02857, 1.48217
1.02857, 1.48217
1.02817, 1.48217
1.02778, 1.48218
1.02738, 1.48218
1.02699, 1.48219
1.02659, 1.48219
1.02619, 1.4822
1.0258, 1.48221
1.02557, 1.48221
1.02557, 1.48221
1.0254, 1.48221
1.02501, 1.48222
1.02462, 1.48222
1.02422, 1.48223
1.02383, 1.48223
1.02343, 1.48224
1.02304, 1.48224
1.02265, 1.48225
1.02226, 1.48225
1.02211, 1.48226
1.02211, 1.48226
1.02186, 1.48226
1.02147, 1.48226
1.02108, 1.48227
1.02069, 1.48228
1.0203, 1.48228
1.01991, 1.48229
1.01952, 1.48229
1.01913, 1.4823
1.01874, 1.4823
1.01874, 1.4823
1.01865, 1.4823
1.01865, 1.4823
1.01835, 1.48231
1.01796, 1.48231
1.01757, 1.48232
1.01718, 1.48232
1.01679, 1.48233
1.01641, 1.48233
1.01602, 1.48234
1.01563, 1.48234
1.01524, 1.48235
1.01519, 1.48235
1.01519, 1.48235
1.01486, 1.48236
1.01447, 1.48236
1.01408, 1.48237
1.0137, 1.48237
1.01331, 1.48238
1.01293, 1.48238
1.01254, 1.48239
1.01216, 1.48239
1.01177, 1.4824
1.01172, 1.4824
1.01172, 1.4824
1.01139, 1.4824
1.01101, 1.48241
1.01062, 1.48241
1.01024, 1.48242
1.00986, 1.48242
1.00947, 1.48243
1.00909, 1.48244
1.00909, 1.48244
1.00871, 1.48244
1.00833, 1.48245
1.00795, 1.48245
1.00756, 1.48246
1.00718, 1.48246
1.0068, 1.48247
1.00642, 1.48247
1.00604, 1.48248
1.00566, 1.48248
1.00528, 1.48249
1.0049, 1.48249
1.00452, 1.4825
1.00415, 1.4825
1.00377, 1.48251
1.00339, 1.48251
1.00301, 1.48252
1.00263, 1.48253
1.00226, 1.48253
1.00188, 1.48254
1.0015, 1.48254
1.00113, 1.48255
1.00075, 1.48255
1.00038, 1.48256
1, 1.48256

2% Long Anneal

wavelength (microns), Re(index)
1.6884, 1.47704
1.68497, 1.47705
1.68154, 1.47706
1.67811, 1.47708
1.67468, 1.47709
1.67125, 1.4771
1.66782, 1.47712
1.66439, 1.47713
1.66096, 1.47715
1.65753, 1.47716
1.6541, 1.47717
1.65066, 1.47719
1.64723, 1.4772
1.6438, 1.47721
1.64037, 1.47723
1.63693, 1.47724
1.6335, 1.47726
1.63006, 1.47727
1.62663, 1.47729
1.62319, 1.4773
1.61976, 1.47732
1.61632, 1.47733
1.61289, 1.47735
1.60945, 1.47736
1.60601, 1.47738
1.60258, 1.47739
1.6, 1.4774
1.59914, 1.47741
1.59914, 1.47741
1.5957, 1.47742
1.5957, 1.47742
1.59226, 1.47744
1.59226, 1.47744
1.58883, 1.47745
1.58883, 1.47745
1.58539, 1.47747
1.58539, 1.47747
1.58195, 1.47748
1.58195, 1.47748
1.57851, 1.4775
1.57851, 1.4775
1.57633, 1.47751
1.57507, 1.47752
1.57507, 1.47752
1.57163, 1.47753
1.57163, 1.47753
1.56819, 1.47755
1.56819, 1.47755
1.56475, 1.47757
1.56475, 1.47757
1.56131, 1.47758
1.56131, 1.47758
1.55787, 1.4776
1.55787, 1.4776
1.55442, 1.47761
1.55442, 1.47761
1.55335, 1.47762
1.55098, 1.47763
1.55098, 1.47763
1.54754, 1.47765
1.54754, 1.47765
1.5441, 1.47767
1.5441, 1.47767
1.54065, 1.47768
1.54065, 1.47768
1.53721, 1.4777
1.53721, 1.4777
1.53377, 1.47772
1.53377, 1.47772
1.53103, 1.47773
1.53032, 1.47773
1.53032, 1.47773
1.52688, 1.47775
1.52688, 1.47775
1.52344, 1.47777
1.52344, 1.47777
1.51999, 1.47779
1.51999, 1.47779
1.51655, 1.4778
1.51655, 1.4778
1.5131, 1.47782
1.5131, 1.47782
1.50966, 1.47784
1.50966, 1.47784
1.50935, 1.47784
1.50621, 1.47786
1.50621, 1.47786
1.50276, 1.47788
1.50276, 1.47788
1.49932, 1.47789
1.49932, 1.47789
1.49587, 1.47791
1.49587, 1.47791
1.49243, 1.47793
1.49243, 1.47793
1.48898, 1.47795
1.48898, 1.47795
1.48827, 1.47795
1.48553, 1.47797
1.48553, 1.47797
1.48208, 1.47799
1.48208, 1.47799
1.47864, 1.47801
1.47864, 1.47801
1.47519, 1.47803
1.47519, 1.47803
1.47174, 1.47805
1.47174, 1.47805
1.46829, 1.47807
1.46829, 1.47807
1.46777, 1.47807
1.46484, 1.47809
1.46484, 1.47809
1.46139, 1.47811
1.46139, 1.47811
1.45794, 1.47813
1.45794, 1.47813
1.45449, 1.47815
1.45449, 1.47815
1.45104, 1.47817
1.45104, 1.47817
1.44783, 1.47819
1.44759, 1.47819
1.44759, 1.47819
1.44414, 1.47821
1.44414, 1.47821
1.44069, 1.47823
1.44069, 1.47823
1.43724, 1.47825
1.43724, 1.47825
1.43379, 1.47827
1.43379, 1.47827
1.43034, 1.47829
1.43034, 1.47829
1.42842, 1.4783
1.42689, 1.47831
1.42689, 1.47831
1.42344, 1.47833
1.42344, 1.47833
1.41999, 1.47836
1.41999, 1.47836
1.41653, 1.47838
1.41653, 1.47838
1.41308, 1.4784
1.41308, 1.4784
1.40963, 1.47842
1.40963, 1.47842
1.40952, 1.47842
1.40618, 1.47844
1.40618, 1.47844
1.40272, 1.47846
1.40272, 1.47846
1.39927, 1.47849
1.39927, 1.47849
1.39582, 1.47851
1.39582, 1.47851
1.39236, 1.47853
1.39236, 1.47853
1.39112, 1.47854
1.38891, 1.47856
1.38891, 1.47856
1.38546, 1.47858
1.38546, 1.47858
1.382, 1.4786
1.382, 1.4786
1.37855, 1.47863
1.37855, 1.47863
1.37509, 1.47865
1.37509, 1.47865
1.3732, 1.47866
1.37164, 1.47867
1.37164, 1.47867
1.36818, 1.4787
1.36818, 1.4787
1.36473, 1.47872
1.36473, 1.47872
1.36127, 1.47874
1.36127, 1.47874
1.35782, 1.47877
1.35782, 1.47877
1.35573, 1.47878
1.35436, 1.47879
1.35436, 1.47879
1.35091, 1.47882
1.35091, 1.47882
1.34745, 1.47884
1.34745, 1.47884
1.34399, 1.47887
1.34399, 1.47887
1.34054, 1.47889
1.34054, 1.47889
1.33869, 1.47891
1.33708, 1.47892
1.33708, 1.47892
1.33362, 1.47894
1.33362, 1.47894
1.33017, 1.47897
1.33017, 1.47897
1.32671, 1.479
1.32671, 1.479
1.32325, 1.47902
1.32325, 1.47902
1.32208, 1.47903
1.31979, 1.47905
1.31979, 1.47905
1.31634, 1.47907
1.31634, 1.47907
1.31288, 1.4791
1.31288, 1.4791
1.30942, 1.47913
1.30942, 1.47913
1.30596, 1.47916
1.30596, 1.47916
1.30588, 1.47916
1.30251, 1.47918
1.30251, 1.47918
1.29905, 1.47921
1.29905, 1.47921
1.29559, 1.47924
1.29559, 1.47924
1.29213, 1.47927
1.29213, 1.47927
1.29007, 1.47928
1.28867, 1.4793
1.28867, 1.4793
1.28521, 1.47932
1.28521, 1.47932
1.28175, 1.47935
1.28175, 1.47935
1.27829, 1.47938
1.27829, 1.47938
1.27484, 1.47941
1.27484, 1.47941
1.27464, 1.47941
1.27138, 1.47944
1.27138, 1.47944
1.26792, 1.47947
1.26792, 1.47947
1.26446, 1.4795
1.26446, 1.4795
1.261, 1.47953
1.261, 1.47953
1.25957, 1.47954
1.25754, 1.47956
1.25754, 1.47956
1.25408, 1.47959
1.25408, 1.47959
1.25062, 1.47962
1.25062, 1.47962
1.24716, 1.47965
1.24716, 1.47965
1.24486, 1.47967
1.2437, 1.47968
1.2437, 1.47968
1.24024, 1.47971
1.24024, 1.47971
1.23678, 1.47974
1.23678, 1.47974
1.23332, 1.47978
1.23332, 1.47978
1.23048, 1.4798
1.22986, 1.47981
1.22986, 1.47981
1.22639, 1.47984
1.22639, 1.47984
1.22293, 1.47987
1.22293, 1.47987
1.21947, 1.47991
1.21947, 1.47991
1.21644, 1.47993
1.21601, 1.47994
1.21601, 1.47994
1.21255, 1.47997
1.21255, 1.47997
1.20909, 1.48
1.20909, 1.48
1.20563, 1.48004
1.20563, 1.48004
1.20271, 1.48007
1.20217, 1.48007
1.20217, 1.48007
1.1987, 1.48011
1.1987, 1.48011
1.19524, 1.48014
1.19524, 1.48014
1.19178, 1.48018
1.19178, 1.48018
1.18929, 1.4802
1.18832, 1.48021
1.18832, 1.48021
1.18486, 1.48025
1.18486, 1.48025
1.1814, 1.48028
1.1814, 1.48028
1.17793, 1.48032
1.17793, 1.48032
1.17616, 1.48034
1.17447, 1.48036
1.17447, 1.48036
1.17101, 1.48039
1.17101, 1.48039
1.16755, 1.48043
1.16755, 1.48043
1.16409, 1.48047
1.16409, 1.48047
1.16332, 1.48047
1.16062, 1.4805
1.16062, 1.4805
1.15716, 1.48054
1.15716, 1.48054
1.1537, 1.48058
1.1537, 1.48058
1.15076, 1.48061
1.15024, 1.48062
1.15024, 1.48062
1.14677, 1.48066
1.14677, 1.48066
1.14331, 1.48069
1.14331, 1.48069
1.13985, 1.48073
1.13985, 1.48073
1.13846, 1.48075
1.13639, 1.48077
1.13639, 1.48077
1.13292, 1.48081
1.13292, 1.48081
1.12946, 1.48085
1.12946, 1.48085
1.12643, 1.48089
1.126, 1.48089
1.126, 1.48089
1.12254, 1.48094
1.12254, 1.48094
1.11907, 1.48098
1.11907, 1.48098
1.11561, 1.48102
1.11561, 1.48102
1.11464, 1.48103
1.11215, 1.48106
1.11215, 1.48106
1.10868, 1.4811
1.10868, 1.4811
1.10522, 1.48115
1.10522, 1.48115
1.10311, 1.48117
1.10176, 1.48119
1.10176, 1.48119
1.0983, 1.48123
1.0983, 1.48123
1.09483, 1.48128
1.09483, 1.48128
1.0918, 1.48131
1.09137, 1.48132
1.09137, 1.48132
1.08791, 1.48136
1.08791, 1.48136
1.08444, 1.48141
1.08444, 1.48141
1.08098, 1.48145
1.08098, 1.48145
1.08073, 1.48146
1.07752, 1.4815
1.07752, 1.4815
1.07405, 1.48155
1.07405, 1.48155
1.07059, 1.48159
1.07059, 1.48159
1.06988, 1.4816
1.06713, 1.48164
1.06713, 1.48164
1.06367, 1.48169
1.06367, 1.48169
1.0602, 1.48173
1.0602, 1.48173
1.05924, 1.48175
1.05674, 1.48178
1.05674, 1.48178
1.05328, 1.48183
1.05328, 1.48183
1.04981, 1.48188
1.04981, 1.48188
1.04882, 1.48189
1.04635, 1.48193
1.04635, 1.48193
1.04289, 1.48198
1.04289, 1.48198
1.03943, 1.48203
1.03943, 1.48203
1.0386, 1.48204
1.03596, 1.48208
1.03596, 1.48208
1.0325, 1.48213
1.0325, 1.48213
1.02904, 1.48218
1.02904, 1.48218
1.02857, 1.48219
1.02557, 1.48223
1.02557, 1.48223
1.02211, 1.48229
1.02211, 1.48229
1.01874, 1.48234
1.01865, 1.48234
1.01865, 1.48234
1.01519, 1.48239
1.01519, 1.48239
1.01172, 1.48244
1.01172, 1.48244
1.00909, 1.48249
0.999756, 1.48263
0.999756, 1.48263
0.999625, 1.48264
0.998208, 1.48266
0.998208, 1.48266
0.996659, 1.48268
0.996659, 1.48268
0.995109, 1.48271
0.995109, 1.48271
0.99356, 1.48273
0.99356, 1.48273
0.99201, 1.48276
0.99201, 1.48276
0.99046, 1.48278
0.99046, 1.48278
0.990335, 1.48279
0.988909, 1.48281
0.988909, 1.48281
0.987359, 1.48283
0.987359, 1.48283
0.985808, 1.48286
0.985808, 1.48286
0.984257, 1.48289
0.984257, 1.48289
0.982705, 1.48291
0.982705, 1.48291
0.981215, 1.48294
0.981154, 1.48294
0.981154, 1.48294
0.979602, 1.48297
0.979602, 1.48297
0.97805, 1.48299
0.97805, 1.48299
0.976498, 1.48302
0.976498, 1.48302
0.974945, 1.48304
0.974945, 1.48304
0.973392, 1.48307
0.973392, 1.48307
0.972263, 1.48309
0.971839, 1.4831
0.971839, 1.4831
0.970286, 1.48312
0.970286, 1.48312
0.968732, 1.48315
0.968732, 1.48315
0.967178, 1.48318
0.967178, 1.48318
0.965624, 1.48321
0.965624, 1.48321
0.96407, 1.48323
0.96407, 1.48323
0.963472, 1.48324
0.962515, 1.48326
0.962515, 1.48326
0.96096, 1.48329
0.96096, 1.48329
0.959405, 1.48331
0.959405, 1.48331
0.95785, 1.48334
0.95785, 1.48334
0.956294, 1.48337
0.956294, 1.48337
0.954839, 1.4834
0.954738, 1.4834
0.954738, 1.4834
0.953182, 1.48343
0.953182, 1.48343
0.951626, 1.48345
0.951626, 1.48345
0.95007, 1.48348
0.95007, 1.48348
0.948513, 1.48351
0.948513, 1.48351
0.946956, 1.48354
0.946956, 1.48354
0.946359, 1.48355
0.945399, 1.48357
0.945399, 1.48357
0.943841, 1.4836
0.943841, 1.4836
0.942284, 1.48363
0.942284, 1.48363
0.940726, 1.48366
0.940726, 1.48366
0.939168, 1.48368
0.939168, 1.48368
0.938028, 1.48371
0.937609, 1.48371
0.937609, 1.48371
0.936051, 1.48374
0.936051, 1.48374
0.934492, 1.48377
0.934492, 1.48377
0.932933, 1.4838
0.932933, 1.4838
0.931373, 1.48383
0.931373, 1.48383
0.929843, 1.48386
0.929814, 1.48386
0.929814, 1.48386
0.928254, 1.48389
0.928254, 1.48389
0.926694, 1.48392
0.926694, 1.48392
0.925134, 1.48395
0.925134, 1.48395
0.923573, 1.48398
0.923573, 1.48398
0.922013, 1.48401
0.922013, 1.48401
0.921799, 1.48402
0.920452, 1.48405
0.920452, 1.48405
0.918891, 1.48408
0.918891, 1.48408
0.917329, 1.48411
0.917329, 1.48411
0.915768, 1.48414
0.915768, 1.48414
0.914206, 1.48417
0.914206, 1.48417
0.913894, 1.48418
0.912644, 1.4842
0.912644, 1.4842
0.911082, 1.48423
0.911082, 1.48423
0.90952, 1.48426
0.90952, 1.48426
0.907957, 1.48429
0.907957, 1.48429
0.906394, 1.48433
0.906394, 1.48433
0.906122, 1.48433
0.904831, 1.48436
0.904831, 1.48436
0.903268, 1.48439
0.903268, 1.48439
0.901704, 1.48442
0.901704, 1.48442
0.900141, 1.48446
0.900141, 1.48446
0.898577, 1.48449
0.898577, 1.48449
0.898482, 1.48449
0.897013, 1.48452
0.897013, 1.48452
0.895448, 1.48455
0.895448, 1.48455
0.893884, 1.48459
0.893884, 1.48459
0.892319, 1.48462
0.892319, 1.48462
0.89097, 1.48465
0.890754, 1.48465
0.890754, 1.48465
0.889189, 1.48469
0.889189, 1.48469
0.887623, 1.48472
0.887623, 1.48472
0.886058, 1.48476
0.886058, 1.48476
0.884492, 1.48479
0.884492, 1.48479
0.883582, 1.48481
0.882926, 1.48482
0.882926, 1.48482
0.88136, 1.48486
0.88136, 1.48486
0.879793, 1.48489
0.879793, 1.48489
0.878227, 1.48493
0.878227, 1.48493
0.87666, 1.48496
0.87666, 1.48496
0.876316, 1.48497
0.875093, 1.485
0.875093, 1.485
0.873526, 1.48503
0.873526, 1.48503
0.871958, 1.48507
0.871958, 1.48507
0.870391, 1.4851
0.870391, 1.4851
0.869168, 1.48513
0.868823, 1.48514
0.868823, 1.48514
0.867255, 1.48517
0.867255, 1.48517
0.865687, 1.48521
0.865687, 1.48521
0.864118, 1.48524
0.864118, 1.48524
0.86255, 1.48528
0.86255, 1.48528
0.862136, 1.48529
0.860981, 1.48531
0.860981, 1.48531
0.859412, 1.48535
0.859412, 1.48535
0.857843, 1.48539
0.857843, 1.48539
0.856273, 1.48542
0.856273, 1.48542
0.855217, 1.48545
0.854704, 1.48546
0.854704, 1.48546
0.853134, 1.4855
0.853134, 1.4855
0.851564, 1.48554
0.851564, 1.48554
0.849994, 1.48557
0.849994, 1.48557
0.848424, 1.48561
0.848424, 1.48561
0.848408, 1.48561
0.846853, 1.48565
0.846853, 1.48565
0.845282, 1.48568
0.845282, 1.48568
0.843711, 1.48572
0.843711, 1.48572
0.84214, 1.48576
0.84214, 1.48576
0.841706, 1.48577
0.840569, 1.4858
0.840569, 1.4858
0.838998, 1.48584
0.838998, 1.48584
0.837426, 1.48588
0.837426, 1.48588
0.835854, 1.48592
0.835854, 1.48592
0.83511, 1.48593
0.834282, 1.48595
0.834282, 1.48595
0.83271, 1.48599
0.83271, 1.48599
0.831138, 1.48603
0.831138, 1.48603
0.829565, 1.48607
0.829565, 1.48607
0.828616, 1.4861
0.827992, 1.48611
0.827992, 1.48611
0.82642, 1.48615
0.82642, 1.48615
0.824847, 1.48619
0.824847, 1.48619
0.823273, 1.48623
0.823273, 1.48623
0.822222, 1.48626
0.8217, 1.48627
0.8217, 1.48627
0.820126, 1.48631
0.820126, 1.48631
0.818553, 1.48635
0.818553, 1.48635
0.816979, 1.48639
0.816979, 1.48639
0.815926, 1.48642
0.815405, 1.48644
0.815405, 1.48644
0.81383, 1.48648
0.81383, 1.48648
0.812256, 1.48652
0.812256, 1.48652
0.810681, 1.48656
0.810681, 1.48656
0.809726, 1.48659
0.809106, 1.4866
0.809106, 1.4866
0.807531, 1.48664
0.807531, 1.48664
0.805956, 1.48669
0.805956, 1.48669
0.804381, 1.48673
0.804381, 1.48673
0.80362, 1.48675
0.802806, 1.48677
0.802806, 1.48677
0.80123, 1.48681
0.80123, 1.48681
0.799654, 1.48686
0.799654, 1.48686
0.798078, 1.4869
0.798078, 1.4869
0.797605, 1.48691
0.796502, 1.48694
0.796502, 1.48694
0.794926, 1.48699
0.794926, 1.48699
0.793349, 1.48703
0.793349, 1.48703
0.791773, 1.48707
0.791773, 1.48707
0.791679, 1.48708
0.790196, 1.48712
0.790196, 1.48712
0.788619, 1.48716
0.788619, 1.48716
0.787042, 1.48721
0.787042, 1.48721
0.785841, 1.48724
0.785465, 1.48725
0.785465, 1.48725
0.783887, 1.4873
0.783887, 1.4873
0.78231, 1.48734
0.78231, 1.48734
0.780732, 1.48739
0.780732, 1.48739
0.780088, 1.4874
0.779154, 1.48743
0.779154, 1.48743
0.777576, 1.48748
0.777576, 1.48748
0.775998, 1.48752
0.775998, 1.48752
0.77442, 1.48757
0.77442, 1.48757
0.774419, 1.48757
0.772841, 1.48761
0.772841, 1.48761
0.771262, 1.48766
0.771262, 1.48766
0.769684, 1.48771
0.769684, 1.48771
0.768831, 1.48773
0.768105, 1.48775
0.768105, 1.48775
0.766526, 1.4878
0.766526, 1.4878
0.764946, 1.48785
0.764946, 1.48785
0.763367, 1.4879
0.763367, 1.4879
0.763324, 1.4879
0.761787, 1.48794
0.761787, 1.48794
0.760208, 1.48799
0.760208, 1.48799
0.758628, 1.48804
0.758628, 1.48804
0.757895, 1.48806
0.757048, 1.48809
0.757048, 1.48809
0.755468, 1.48814
0.755468, 1.48814
0.753888, 1.48819
0.753888, 1.48819
0.752542, 1.48823
0.752307, 1.48823
0.752307, 1.48823
0.750727, 1.48828
0.750727, 1.48828
0.749146, 1.48833
0.749146, 1.48833
0.747565, 1.48838
0.747565, 1.48838
0.747265, 1.48839
0.745984, 1.48843
0.745984, 1.48843
0.744403, 1.48848
0.744403, 1.48848
0.742822, 1.48853
0.742822, 1.48853
0.742061, 1.48856
0.741241, 1.48858
0.741241, 1.48858
0.739659, 1.48863
0.739659, 1.48863
0.738077, 1.48868
0.738077, 1.48868
0.736929, 1.48872
0.736496, 1.48874
0.736496, 1.48874
0.734914, 1.48879
0.734914, 1.48879
0.733332, 1.48884
0.733332, 1.48884
0.731868, 1.48889
0.731749, 1.48889
0.731749, 1.48889
0.730167, 1.48894
0.730167, 1.48894
0.728585, 1.48899
0.728585, 1.48899
0.727002, 1.48905
0.727002, 1.48905
0.726876, 1.48905
0.725419, 1.4891
0.725419, 1.4891
0.723837, 1.48915
0.723837, 1.48915
0.722254, 1.48921
0.722254, 1.48921
0.721951, 1.48922
0.720671, 1.48926
0.720671, 1.48926
0.719087, 1.48931
0.719087, 1.48931
0.717504, 1.48937
0.717504, 1.48937
0.717093, 1.48938
0.71592, 1.48942
0.71592, 1.48942
0.714337, 1.48947
0.714337, 1.48947
0.712753, 1.48953
0.712753, 1.48953
0.712299, 1.48954
0.711169, 1.48958
0.711169, 1.48958
0.709585, 1.48964
0.709585, 1.48964
0.708001, 1.48969
0.708001, 1.48969
0.70757, 1.48971
0.706417, 1.48975
0.706417, 1.48975
0.704833, 1.4898
0.704833, 1.4898
0.703248, 1.48986
0.703248, 1.48986
0.702902, 1.48987
0.701664, 1.48992
0.701664, 1.48992
0.700079, 1.48997
0.700079, 1.48997
0.698494, 1.49003
0.698494, 1.49003
0.698296, 1.49004
0.696909, 1.49009
0.696909, 1.49009
0.695324, 1.49014
0.695324, 1.49014
0.69375, 1.4902
0.693739, 1.4902
0.693739, 1.4902
0.692154, 1.49026
0.692154, 1.49026
0.690569, 1.49031
0.690569, 1.49031
0.689263, 1.49036
0.688983, 1.49037
0.688983, 1.49037
0.687397, 1.49043
0.687397, 1.49043
0.685812, 1.49049
0.685812, 1.49049
0.684833, 1.49052
0.684226, 1.49055
0.684226, 1.49055
0.68264, 1.4906
0.68264, 1.4906
0.681054, 1.49066
0.681054, 1.49066
0.68046, 1.49069
0.679468, 1.49072
0.679468, 1.49072
0.677882, 1.49078
0.677882, 1.49078
0.676295, 1.49084
0.676295, 1.49084
0.676142, 1.49085
0.674709, 1.4909
0.674709, 1.4909
0.673122, 1.49096
0.673122, 1.49096
0.671879, 1.49101
0.671536, 1.49102
0.671536, 1.49102
0.669949, 1.49108
0.669949, 1.49108
0.668362, 1.49114
0.668362, 1.49114
0.667669, 1.49117
0.666775, 1.4912
0.666775, 1.4912
0.665188, 1.49127
0.665188, 1.49127
0.663601, 1.49133
0.663601, 1.49133
0.663512, 1.49133
0.662013, 1.49139
0.662013, 1.49139
0.660426, 1.49145
0.660426, 1.49145
0.659406, 1.49149
0.658839, 1.49151
0.658839, 1.49151
0.657251, 1.49158
0.657251, 1.49158
0.655663, 1.49164
0.655663, 1.49164
0.655351, 1.49165
0.654075, 1.4917
0.654075, 1.4917
0.652488, 1.49177
0.652488, 1.49177
0.651345, 1.49181
0.6509, 1.49183
0.6509, 1.49183
0.649312, 1.49189
0.649312, 1.49189
0.647723, 1.49196
0.647723, 1.49196
0.647388, 1.49197
0.646135, 1.49202
0.646135, 1.49202
0.644547, 1.49208
0.644547, 1.49208
0.643478, 1.49213
0.642958, 1.49215
0.642958, 1.49215
0.64137, 1.49221
0.64137, 1.49221
0.639781, 1.49228
0.639781, 1.49228
0.639616, 1.49228
0.638193, 1.49234
0.638193, 1.49234
0.636604, 1.49241
0.636604, 1.49241
0.6358, 1.49244
0.635015, 1.49247
0.635015, 1.49247
0.633426, 1.49254
0.633426, 1.49254
0.632028, 1.4926
0.631837, 1.49261
0.631837, 1.49261
0.630248, 1.49267
0.630248, 1.49267
0.628659, 1.49274
0.628659, 1.49274
0.628302, 1.49275
0.627069, 1.4928
0.627069, 1.4928
0.62548, 1.49287
0.62548, 1.49287
0.624619, 1.49291
0.623891, 1.49294
0.623891, 1.49294
0.622301, 1.49301
0.622301, 1.49301
0.620979, 1.49306
0.620711, 1.49307
0.620711, 1.49307
0.619122, 1.49314
0.619122, 1.49314
0.617532, 1.49321
0.617532, 1.49321
0.617381, 1.49322
0.615942, 1.49328
0.615942, 1.49328
0.614352, 1.49335
0.614352, 1.49335
0.613825, 1.49337
0.612762, 1.49341
0.612762, 1.49341
0.611172, 1.49348
0.611172, 1.49348
0.610309, 1.49352
0.609582, 1.49355
0.609582, 1.49355
0.607992, 1.49362
0.607992, 1.49362
0.606834, 1.49367
0.606401, 1.49369
0.606401, 1.49369
0.604811, 1.49376
0.604811, 1.49376
0.603398, 1.49382
0.603221, 1.49383
0.603221, 1.49383
0.60163, 1.4939
0.60163, 1.4939
0.60004, 1.49397
0.60004, 1.49397
0.6, 1.49397
0.598449, 1.49404
0.598449, 1.49404
0.596858, 1.49411
0.596858, 1.49411
0.596641, 1.49412
0.595267, 1.49418
0.595267, 1.49418
0.593677, 1.49425
0.593677, 1.49425
0.593318, 1.49426
0.592086, 1.49432
0.592086, 1.49432
0.590495, 1.49439
0.590495, 1.49439
0.590033, 1.49441
0.588904, 1.49446
0.588904, 1.49446
0.587312, 1.49453
0.587312, 1.49453
0.586784, 1.49455
0.585721, 1.4946
0.585721, 1.4946
0.58413, 1.49467
0.58413, 1.49467
0.583571, 1.4947
0.582539, 1.49474
0.582539, 1.49474
0.580947, 1.49481
0.580947, 1.49481
0.580392, 1.49484
0.579356, 1.49489
0.579356, 1.49489
0.577764, 1.49496
0.577764, 1.49496
0.577248, 1.49498
0.576173, 1.49503
0.576173, 1.49503
0.574581, 1.4951
0.574581, 1.4951
0.574138, 1.49512
0.57299, 1.49517
0.57299, 1.49517
0.571398, 1.49524
0.571398, 1.49524
0.571061, 1.49526
0.569806, 1.49532
0.569806, 1.49532
0.568214, 1.49539
0.568214, 1.49539
0.568017, 1.4954
0.566622, 1.49546
0.566622, 1.49546
0.56503, 1.49553
0.56503, 1.49553
0.565005, 1.49553
0.563438, 1.4956
0.563438, 1.4956
0.562025, 1.49567
0.561846, 1.49568
0.561846, 1.49568
0.560254, 1.49575
0.560254, 1.49575
0.559077, 1.4958
0.558662, 1.49582
0.558662, 1.49582
0.55707, 1.49589
0.55707, 1.49589
0.556159, 1.49593
0.555478, 1.49596
0.555478, 1.49596
0.553885, 1.49604
0.553885, 1.49604
0.553271, 1.49606
0.552293, 1.49611
0.552293, 1.49611
0.550701, 1.49618
0.550701, 1.49618
0.550413, 1.49619
0.549108, 1.49625
0.549108, 1.49625
0.547585, 1.49632
0.547516, 1.49633
0.547516, 1.49633
0.545923, 1.4964
0.545923, 1.4964
0.544785, 1.49645
0.544331, 1.49647
0.544331, 1.49647
0.542738, 1.49654
0.542738, 1.49654
0.542014, 1.49657
0.541145, 1.49661
0.541145, 1.49661
0.539553, 1.49668
0.539553, 1.49668
0.539271, 1.4967
0.53796, 1.49676
0.53796, 1.49676
0.536556, 1.49682
0.536367, 1.49683
0.536367, 1.49683
0.534774, 1.4969
0.534774, 1.4969
0.533868, 1.49694
0.533181, 1.49697
0.533181, 1.49697
0.531589, 1.49704
0.531589, 1.49704
0.531206, 1.49706
0.529996, 1.49711
0.529996, 1.49711
0.528571, 1.49717
0.528403, 1.49718
0.528403, 1.49718
0.52681, 1.49725
0.52681, 1.49725
0.525962, 1.49729
0.525216, 1.49732
0.525216, 1.49732
0.523623, 1.49739
0.523623, 1.49739
0.523379, 1.4974
0.52203, 1.49746
0.52203, 1.49746
0.520821, 1.49751
0.520437, 1.49753
0.520437, 1.49753
0.518844, 1.4976
0.518844, 1.4976
0.518288, 1.49762
0.517251, 1.49767
0.517251, 1.49767
0.515779, 1.49773
0.515658, 1.49774
0.515658, 1.49774
0.514064, 1.4978
0.514064, 1.4978
0.513295, 1.49784
0.512471, 1.49787
0.512471, 1.49787
0.510878, 1.49794
0.510878, 1.49794
0.510834, 1.49794
0.509284, 1.49801
0.509284, 1.49801
0.508397, 1.49804
0.507691, 1.49807
0.507691, 1.49807
0.506098, 1.49814
0.506098, 1.49814
0.505983, 1.49814
0.504504, 1.4982
0.504504, 1.4982
0.503592, 1.49824
0.502911, 1.49827
0.502911, 1.49827
0.501317, 1.49833
0.501317, 1.49833
0.501223, 1.49833
0.499724, 1.49839
0.499724, 1.49839
0.498876, 1.49843
0.49813, 1.49846
0.49813, 1.49846
0.496552, 1.49852
0.496537, 1.49852
0.496537, 1.49852
0.494943, 1.49858
0.494943, 1.49858
0.494249, 1.49861
0.493349, 1.49864
0.493349, 1.49864
0.491967, 1.4987
0.491756, 1.4987
0.491756, 1.4987
0.490162, 1.49876
0.490162, 1.49876
0.489706, 1.49878
0.487466, 1.49887
0.485246, 1.49895
0.483046, 1.49904
0.480866, 1.49912
0.478706, 1.49921
0.476565, 1.49929
0.474443, 1.49938
0.47234, 1.49946
0.470256, 1.49955
0.46819, 1.49963
0.466142, 1.49972
0.464111, 1.4998
0.462099, 1.49989
0.460104, 1.49997
0.458126, 1.50006
0.456164, 1.50014
0.45422, 1.50023
0.452292, 1.50031
0.45038, 1.5004
0.448485, 1.50048
0.446605, 1.50057
0.444741, 1.50065
0.442893, 1.50074
0.44106, 1.50082
0.439242, 1.50091
0.437438, 1.50099
0.43565, 1.50108
0.433876, 1.50116
0.432117, 1.50125
0.430372, 1.50133
0.42864, 1.50142
0.426923, 1.5015
0.425219, 1.50159
0.423529, 1.50167
0.421853, 1.50176
0.420189, 1.50184
0.418539, 1.50193
0.416901, 1.50201
0.415277, 1.5021
0.413665, 1.50218
0.412065, 1.50227
0.410478, 1.50235
0.408903, 1.50244
0.407339, 1.50252
0.405788, 1.50261
0.404249, 1.50269
0.402721, 1.50278
0.401205, 1.50286
0.3997, 1.50295
0.398206, 1.50303
0.396724, 1.50312
0.395252, 1.5032
0.393792, 1.50329
0.392342, 1.50337
0.390902, 1.50346
0.389474, 1.50354
0.388055, 1.50363
0.386647, 1.50371
0.385249, 1.5038
0.383862, 1.50388
0.382484, 1.50396
0.381116, 1.50405
0.379758, 1.50413
0.378409, 1.50422
0.37707, 1.5043
0.37574, 1.50439
0.37442, 1.50447
0.373109, 1.50456
0.371807, 1.50464
0.370515, 1.50473
0.369231, 1.50481
0.367956, 1.5049
0.36669, 1.50498
0.365432, 1.50507
0.364183, 1.50515
0.362943, 1.50524
0.361711, 1.50532
0.360487, 1.50541
0.359272, 1.50549
0.358065, 1.50558
0.356865, 1.50566
0.355674, 1.50575
0.354491, 1.50583
0.353316, 1.50592
0.352148, 1.506
0.350988, 1.50608
0.349836, 1.50617
0.348691, 1.50625
0.347554, 1.50634
0.346424, 1.50642
0.345301, 1.50651
0.344186, 1.50659
0.343078, 1.50668
0.341977, 1.50676
0.340883, 1.50685
0.339796, 1.50693
0.338716, 1.50702
0.337643, 1.5071
0.336576, 1.50719
0.335516, 1.50727
0.334463, 1.50736
0.333417, 1.50744
0.332377, 1.50752
0.331343, 1.50761
0.330316, 1.50769
0.329295, 1.50778
0.328281, 1.50786
0.327273, 1.50795
0.326271, 1.50803
0.325275, 1.50812
0.324285, 1.5082
0.323301, 1.50829
0.322323, 1.50837
0.321351, 1.50846
0.320385, 1.50854
0.319424, 1.50862
0.31847, 1.50871
0.317521, 1.50879
0.316578, 1.50888
0.31564, 1.50896
0.314708, 1.50905
0.313781, 1.50913
0.31286, 1.50922
0.311944, 1.5093
0.311033, 1.50939
0.310128, 1.50947
0.309228, 1.50955
0.308333, 1.50964
0.307444, 1.50972
0.306559, 1.50981
0.30568, 1.50989
0.304805, 1.50998
0.303936, 1.51006
0.303072, 1.51015
0.302212, 1.51023
0.301357, 1.51032
0.300508, 1.5104
0.299663, 1.51048
0.298822, 1.51057
0.297987, 1.51065
0.297156, 1.51074
0.296329, 1.51082
0.295507, 1.51091
0.29469, 1.51099
0.293878, 1.51108
0.293069, 1.51116
0.292265, 1.51124
0.291466, 1.51133
0.290671, 1.51141
0.28988, 1.5115
0.289094, 1.51158
0.288312, 1.51167
0.287534, 1.51175
0.28676, 1.51184
0.28599, 1.51192
0.285225, 1.512
0.284463, 1.51209
0.283706, 1.51217
0.282953, 1.51226
0.282203, 1.51234
0.281458, 1.51243
0.280717, 1.51251
0.279979, 1.51259
0.279245, 1.51268
0.278515, 1.51276
0.277789, 1.51285
0.277067, 1.51293
0.276349, 1.51302
0.275634, 1.5131
0.274923, 1.51319
0.274215, 1.51327
0.273511, 1.51335
0.272811, 1.51344
0.272114, 1.51352
0.271421, 1.51361
0.270732, 1.51369
0.270046, 1.51378
0.269363, 1.51386
0.268684, 1.51394
0.268008, 1.51403
0.267336, 1.51411
0.266667, 1.5142
0.266001, 1.51428
0.265339, 1.51437
0.26468, 1.51445
0.264024, 1.51453
0.263371, 1.51462
0.262722, 1.5147
0.262076, 1.51479
0.261433, 1.51487
0.260793, 1.51496
0.260156, 1.51504
0.259523, 1.51512
0.258892, 1.51521
0.258265, 1.51529
0.25764, 1.51538
0.257019, 1.51546
0.2564, 1.51554
0.255785, 1.51563
0.255172, 1.51571
0.254563, 1.5158
0.253956, 1.51588
0.253352, 1.51597
0.252751, 1.51605
0.252153, 1.51613
0.251558, 1.51622
0.250966, 1.5163
0.250376, 1.51639
0.249789, 1.51647
0.249205, 1.51655
0.248623, 1.51664
0.248045, 1.51672
0.247469, 1.51681
0.246895, 1.51689
0.246325, 1.51698
0.245756, 1.51706
0.245191, 1.51714
0.244628, 1.51723
0.244068, 1.51731
0.24351, 1.5174
0.242955, 1.51748
0.242402, 1.51756
0.241852, 1.51765
0.241304, 1.51773
0.240759, 1.51782
0.240216, 1.5179
0.239676, 1.51798
0.239138, 1.51807
0.238603, 1.51815
0.23807, 1.51824
0.237539, 1.51832
0.237011, 1.5184
0.236485, 1.51849
0.235961, 1.51857
0.23544, 1.51866
0.234921, 1.51874
0.234404, 1.51882
0.233889, 1.51891
0.233377, 1.51899
0.232867, 1.51908
0.232359, 1.51916
0.231854, 1.51924
0.23135, 1.51933
0.230849, 1.51941
0.23035, 1.5195
0.229853, 1.51958
0.229359, 1.51966
0.228866, 1.51975
0.228375, 1.51983
0.227887, 1.51992
0.227401, 1.52
0.226917, 1.52008
0.226434, 1.52017
0.225954, 1.52025
0.225476, 1.52034
0.225, 1.52042
0.224526, 1.5205
0.224054, 1.52059
0.223584, 1.52067
0.223116, 1.52076
0.222649, 1.52084
0.222185, 1.52092
0.221723, 1.52101
0.221262, 1.52109
0.220804, 1.52118
0.220347, 1.52126
0.219893, 1.52134
0.21944, 1.52143
0.218989, 1.52151
0.21854, 1.52159
0.218093, 1.52168
0.217647, 1.52176
0.217203, 1.52185
0.216762, 1.52193
0.216322, 1.52201
0.215883, 1.5221
0.215447, 1.52218
0.215012, 1.52227
0.214579, 1.52235
0.214148, 1.52243
0.213718, 1.52252
0.213291, 1.5226
0.212865, 1.52268
0.21244, 1.52277
0.212018, 1.52285
0.211597, 1.52294
0.211177, 1.52302
0.210759, 1.5231
0.210343, 1.52319
0.209929, 1.52327
0.209516, 1.52336
0.209105, 1.52344
0.208696, 1.52352
0.208288, 1.52361
0.207881, 1.52369
0.207477, 1.52377
0.207073, 1.52386
0.206672, 1.52394
0.206272, 1.52403
0.205873, 1.52411
0.205476, 1.52419
0.205081, 1.52428
0.204687, 1.52436
0.204294, 1.52444
0.203904, 1.52453
0.203514, 1.52461
0.203126, 1.52469
0.20274, 1.52478
0.202355, 1.52486
0.201971, 1.52495
0.201589, 1.52503
0.201208, 1.52511
0.200829, 1.5252
0.200451, 1.52528
0.200075, 1.52536
0.1997, 1.52545
0.199327, 1.52553
0.198954, 1.52562
0.198584, 1.5257
0.198214, 1.52578
0.197846, 1.52587
0.19748, 1.52595
0.197114, 1.52603
0.19675, 1.52612
0.196388, 1.5262
0.196026, 1.52628
0.195667, 1.52637
0.195308, 1.52645
0.194951, 1.52654
0.194595, 1.52662
0.19424, 1.5267
0.193886, 1.52679
0.193534, 1.52687
0.193183, 1.52695
0.192834, 1.52704
0.192486, 1.52712
0.192138, 1.5272
0.191793, 1.52729
0.191448, 1.52737
0.191105, 1.52745
0.190763, 1.52754
0.190422, 1.52762
0.190082, 1.5277
0.189744, 1.52779
0.189406, 1.52787
0.18907, 1.52796
0.188735, 1.52804
0.188402, 1.52812
0.188069, 1.52821
0.187738, 1.52829
0.187408, 1.52837
0.187079, 1.52846
0.186751, 1.52854
0.186424, 1.52862
0.186098, 1.52871
0.185774, 1.52879
0.185451, 1.52887
0.185129, 1.52896
0.184807, 1.52904
0.184488, 1.52912
0.184169, 1.52921
0.183851, 1.52929
0.183534, 1.52937
0.183219, 1.52946
0.182904, 1.52954
0.182591, 1.52962
0.182278, 1.52971
0.181967, 1.52979
0.181657, 1.52988
0.181348, 1.52996
0.18104, 1.53004
0.180733, 1.53013
0.180427, 1.53021
0.180122, 1.53029
0.179818, 1.53038
0.179515, 1.53046
0.179213, 1.53054
0.178912, 1.53063
0.178612, 1.53071
0.178313, 1.53079
0.178015, 1.53088
0.177718, 1.53096
0.177423, 1.53104
0.177128, 1.53113
0.176834, 1.53121
0.176541, 1.53129
0.176249, 1.53138
0.175958, 1.53146
0.175668, 1.53154
0.175379, 1.53163
0.17509, 1.53171
0.174803, 1.53179
0.174517, 1.53188
0.174232, 1.53196
0.173947, 1.53204
0.173664, 1.53213
0.173381, 1.53221
0.173099, 1.53229
0.172819, 1.53238
0.172539, 1.53246
0.17226, 1.53254
0.171982, 1.53263
0.171705, 1.53271
0.171429, 1.53279
0.171153, 1.53287
0.170879, 1.53296
0.170605, 1.53304
0.170332, 1.53312
0.170061, 1.53321
0.16979, 1.53329
0.16952, 1.53337
0.16925, 1.53346
0.168982, 1.53354
0.168714, 1.53362
0.168448, 1.53371
0.168182, 1.53379
0.167917, 1.53387
0.167653, 1.53396
0.167389, 1.53404
0.167127, 1.53412
0.166865, 1.53421
0.166604, 1.53429
0.166344, 1.53437
0.166085, 1.53446
0.165826, 1.53454
0.165569, 1.53462
0.165312, 1.53471
0.165056, 1.53479
0.1648, 1.53487
0.164546, 1.53495
0.164292, 1.53504
0.164039, 1.53512
0.163787, 1.5352
0.163536, 1.53529
0.163285, 1.53537
0.163035, 1.53545
0.162786, 1.53554
0.162538, 1.53562
0.162291, 1.5357
0.162044, 1.53579
0.161798, 1.53587
0.161552, 1.53595
0.161308, 1.53604
0.161064, 1.53612
0.160821, 1.5362
0.160579, 1.53628
0.160337, 1.53637
0.160096, 1.53645
0.159856, 1.53653
0.159617, 1.53662
0.159378, 1.5367
0.15914, 1.53678
0.158902, 1.53687
0.158666, 1.53695
0.15843, 1.53703
0.158195, 1.53711
0.15796, 1.5372
0.157726, 1.53728
0.157493, 1.53736
0.157261, 1.53745
0.157029, 1.53753
0.156798, 1.53761
0.156568, 1.5377
0.156338, 1.53778
0.156109, 1.53786
0.155881, 1.53794
0.155653, 1.53803
0.155426, 1.53811
0.1552, 1.53819
0.154974, 1.53828
0.154749, 1.53836
0.154524, 1.53844
0.154301, 1.53853
0.154078, 1.53861
0.153855, 1.53869
0.153633, 1.53877
0.153412, 1.53886
0.153191, 1.53894
0.152972, 1.53902
0.152752, 1.53911
0.152534, 1.53919
0.152316, 1.53927
0.152098, 1.53935
0.151881, 1.53944
0.151665, 1.53952
0.15145, 1.5396
0.151235, 1.53969
0.15102, 1.53977
0.150807, 1.53985
0.150594, 1.53993
0.150381, 1.54002
0.150169, 1.5401
0.149958, 1.54018
0.149747, 1.54027
0.149537, 1.54035
0.149327, 1.54043
0.149118, 1.54051
0.14891, 1.5406
0.148702, 1.54068
0.148495, 1.54076
0.148288, 1.54085
0.148082, 1.54093
0.147877, 1.54101
0.147672, 1.54109
0.147467, 1.54118
0.147264, 1.54126
0.14706, 1.54134
0.146858, 1.54143
0.146656, 1.54151
0.146454, 1.54159
0.146253, 1.54167
0.146053, 1.54176
0.145853, 1.54184
0.145653, 1.54192
0.145455, 1.54201
0.145256, 1.54209
0.145059, 1.54217
0.144861, 1.54225
0.144665, 1.54234
0.144469, 1.54242
0.144273, 1.5425
0.144078, 1.54258
0.143883, 1.54267
0.143689, 1.54275
0.143496, 1.54283
0.143303, 1.54292
0.14311, 1.543
0.142918, 1.54308
0.142727, 1.54316
0.142536, 1.54325
0.142346, 1.54333
0.142156, 1.54341
0.141966, 1.54349
0.141778, 1.54358
0.141589, 1.54366
0.141401, 1.54374
0.141214, 1.54382
0.141027, 1.54391
0.140841, 1.54399
0.140655, 1.54407
0.140469, 1.54416
0.140284, 1.54424
0.1401, 1.54432
0.139916, 1.5444
0.139732, 1.54449
0.13955, 1.54457
0.139367, 1.54465
0.139185, 1.54473
0.139003, 1.54482
0.138822, 1.5449
0.138642, 1.54498
0.138462, 1.54506
0.138282, 1.54515
0.138103, 1.54523
0.137924, 1.54531
0.137746, 1.54539
0.137568, 1.54548
0.13739, 1.54556
0.137213, 1.54564
0.137037, 1.54572
0.136861, 1.54581
0.136685, 1.54589
0.13651, 1.54597
0.136336, 1.54605
0.136162, 1.54614
0.135988, 1.54622
0.135814, 1.5463
0.135642, 1.54638
0.135469, 1.54647
0.135297, 1.54655
0.135126, 1.54663
0.134954, 1.54671
0.134784, 1.5468
0.134613, 1.54688
0.134444, 1.54696
0.134274, 1.54704
0.134105, 1.54713
0.133937, 1.54721
0.133769, 1.54729
0.133601, 1.54737
0.133434, 1.54746
0.133267, 1.54754
0.1331, 1.54762
0.132934, 1.5477
0.132769, 1.54779
0.132603, 1.54787
0.132438, 1.54795
0.132274, 1.54803
0.13211, 1.54812
0.131947, 1.5482
0.131783, 1.54828
0.131621, 1.54836
0.131458, 1.54845
0.131296, 1.54853
0.131135, 1.54861
0.130973, 1.54869
0.130813, 1.54878
0.130652, 1.54886
0.130492, 1.54894
0.130333, 1.54902
0.130173, 1.54911
0.130015, 1.54919
0.129856, 1.54927
0.129698, 1.54935
0.12954, 1.54944
0.129383, 1.54952
0.129226, 1.5496
0.12907, 1.54968
0.128914, 1.54976
0.128758, 1.54985
0.128602, 1.54993
0.128447, 1.55001
0.128293, 1.55009
0.128139, 1.55018
0.127985, 1.55026
0.127831, 1.55034
0.127678, 1.55042
0.127525, 1.55051
0.127373, 1.55059
0.127221, 1.55067
0.127069, 1.55075
0.126918, 1.55083
0.126767, 1.55092
0.126616, 1.551
0.126466, 1.55108
0.126316, 1.55116
0.126166, 1.55125
0.126017, 1.55133
0.125868, 1.55141
0.12572, 1.55149
0.125572, 1.55158
0.125424, 1.55166
0.125276, 1.55174
0.125129, 1.55182
0.124982, 1.5519
0.124836, 1.55199
0.12469, 1.55207
0.124544, 1.55215
0.124399, 1.55223
0.124254, 1.55232
0.124109, 1.5524
0.123965, 1.55248
0.123821, 1.55256
0.123677, 1.55264
0.123534, 1.55273
0.12339, 1.55281
0.123248, 1.55289
0.123105, 1.55297
0.122963, 1.55305
0.122822, 1.55314
0.12268, 1.55322
0.122539, 1.5533
0.122398, 1.55338
0.122258, 1.55347
0.122118, 1.55355
0.121978, 1.55363
0.121839, 1.55371
0.121699, 1.55379
0.121561, 1.55388
0.121422, 1.55396
0.121284, 1.55404
0.121146, 1.55412
0.121008, 1.5542
0.120871, 1.55429
0.120734, 1.55437
0.120598, 1.55445
0.120461, 1.55453
0.120325, 1.55462
0.120189, 1.5547
0.120054, 1.55478
0.119919, 1.55486
0.119784, 1.55494
0.11965, 1.55503
0.119515, 1.55511
0.119382, 1.55519
0.119248, 1.55527
0.119115, 1.55535
0.118982, 1.55544
0.118849, 1.55552
0.118717, 1.5556
0.118584, 1.55568
0.118453, 1.55576
0.118321, 1.55585
0.11819, 1.55593
0.118059, 1.55601
0.117928, 1.55609
0.117798, 1.55617
0.117668, 1.55626
0.117538, 1.55634
0.117409, 1.55642
0.117279, 1.5565
0.11715, 1.55658
0.117022, 1.55667
0.116893, 1.55675
0.116765, 1.55683
0.116637, 1.55691
0.11651, 1.55699
0.116383, 1.55708
0.116256, 1.55716
0.116129, 1.55724
0.116003, 1.55732
0.115876, 1.5574
0.115751, 1.55749
0.115625, 1.55757
0.1155, 1.55765
0.115375, 1.55773
0.11525, 1.55781
0.115125, 1.5579
0.115001, 1.55798
0.114877, 1.55806
0.114753, 1.55814
0.11463, 1.55822
0.114507, 1.5583
0.114384, 1.55839
0.114261, 1.55847
0.114139, 1.55855
0.114017, 1.55863
0.113895, 1.55871
0.113773, 1.5588
0.113652, 1.55888
0.113531, 1.55896
0.11341, 1.55904
0.113289, 1.55912
0.113169, 1.55921
0.113049, 1.55929
0.112929, 1.55937
0.11281, 1.55945
0.11269, 1.55953
0.112571, 1.55961
0.112453, 1.5597
0.112334, 1.55978
0.112216, 1.55986
0.112098, 1.55994
0.11198, 1.56002
0.111862, 1.56011
0.111745, 1.56019
0.111628, 1.56027
0.111511, 1.56035
0.111395, 1.56043
0.111278, 1.56051
0.111162, 1.5606
0.111046, 1.56068
0.110931, 1.56076
0.110815, 1.56084
0.1107, 1.56092
0.110585, 1.561
0.110471, 1.56109
0.110356, 1.56117
0.110242, 1.56125
0.110128, 1.56133
0.110014, 1.56141
0.109901, 1.56149
0.109788, 1.56158
0.109675, 1.56166
0.109562, 1.56174
0.109449, 1.56182
0.109337, 1.5619
0.109225, 1.56199
0.109113, 1.56207
0.109002, 1.56215
0.10889, 1.56223
0.108779, 1.56231
0.108668, 1.56239
0.108557, 1.56248
0.108447, 1.56256
0.108337, 1.56264
0.108227, 1.56272
0.108117, 1.5628
0.108007, 1.56288
0.107898, 1.56297
0.107789, 1.56305
0.10768, 1.56313
0.107571, 1.56321
0.107463, 1.56329
0.107354, 1.56337
0.107246, 1.56346
0.107139, 1.56354
0.107031, 1.56362
0.106924, 1.5637
0.106816, 1.56378
0.106709, 1.56386
0.106603, 1.56394
0.106496, 1.56403
0.10639, 1.56411
0.106284, 1.56419
0.106178, 1.56427
0.106072, 1.56435
0.105967, 1.56443
0.105861, 1.56452
0.105756, 1.5646
0.105651, 1.56468
0.105547, 1.56476
0.105442, 1.56484
0.105338, 1.56492
0.105234, 1.56501
0.10513, 1.56509
0.105027, 1.56517
0.104923, 1.56525
0.10482, 1.56533
0.104717, 1.56541
0.104614, 1.56549
0.104512, 1.56558
0.104409, 1.56566
0.104307, 1.56574
0.104205, 1.56582
0.104103, 1.5659
0.104002, 1.56598
0.1039, 1.56606
0.103799, 1.56615
0.103698, 1.56623
0.103597, 1.56631
0.103497, 1.56639
0.103396, 1.56647
0.103296, 1.56655
0.103196, 1.56664
0.103096, 1.56672
0.102996, 1.5668
0.102897, 1.56688
0.102798, 1.56696
0.102699, 1.56704
0.1026, 1.56712
0.102501, 1.56721
0.102402, 1.56729
0.102304, 1.56737
0.102206, 1.56745
0.102108, 1.56753
0.10201, 1.56761
0.101913, 1.56769
0.101815, 1.56777
0.101718, 1.56786
0.101621, 1.56794
0.101524, 1.56802
0.101428, 1.5681
0.101331, 1.56818
0.101235, 1.56826
0.101139, 1.56834
0.101043, 1.56843
0.100947, 1.56851
0.100852, 1.56859
0.100756, 1.56867
0.100661, 1.56875
0.100566, 1.56883
0.100471, 1.56891
0.100377, 1.569
0.100282, 1.56908
0.100188, 1.56916
0.100094, 1.56924
0.1, 1.56932



