1.91078E-07	1.585879
1.92662E-07	1.583442
1.94246E-07	1.581075
1.9583E-07	1.578775
1.97414E-07	1.576541
1.98998E-07	1.574368
2.00583E-07	1.572256
2.02167E-07	1.570201
2.03752E-07	1.568203
2.05336E-07	1.566258
2.06921E-07	1.564364
2.08506E-07	1.562521
2.10091E-07	1.560726
2.11676E-07	1.558978
2.13262E-07	1.557274
2.14847E-07	1.555614
2.16432E-07	1.553995
2.18018E-07	1.552418
2.19604E-07	1.550879
2.2119E-07	1.549378
2.22776E-07	1.547914
2.24362E-07	1.546485
2.25948E-07	1.54509
2.27534E-07	1.543729
2.2912E-07	1.5424
2.30707E-07	1.541102
2.32294E-07	1.539833
2.3388E-07	1.538595
2.35467E-07	1.537384
2.37054E-07	1.536201
2.38641E-07	1.535044
2.40228E-07	1.533913
2.41815E-07	1.532808
2.43403E-07	1.531726
2.4499E-07	1.530668
2.46577E-07	1.529634
2.48165E-07	1.528621
2.49753E-07	1.52763
2.51341E-07	1.526659
2.52928E-07	1.52571
2.54516E-07	1.52478
2.56104E-07	1.523869
2.57693E-07	1.522977
2.59281E-07	1.522103
2.60869E-07	1.521247
2.62458E-07	1.520408
2.64046E-07	1.519586
2.65635E-07	1.51878
2.67223E-07	1.51799
2.68812E-07	1.517216
2.70401E-07	1.516456
2.7199E-07	1.515712
2.73579E-07	1.514981
2.75168E-07	1.514265
2.76758E-07	1.513562
2.78347E-07	1.512872
2.79936E-07	1.512195
2.81526E-07	1.511531
2.83115E-07	1.510879
2.84705E-07	1.510239
2.86295E-07	1.50961
2.87884E-07	1.508993
2.89474E-07	1.508387
2.91064E-07	1.507792
2.92654E-07	1.507207
2.94244E-07	1.506633
2.95834E-07	1.506069
2.97425E-07	1.505515
2.99015E-07	1.50497
3.00605E-07	1.504434
3.02196E-07	1.503908
3.03786E-07	1.503391
3.05377E-07	1.502883
3.06968E-07	1.502383
3.08558E-07	1.501891
3.10149E-07	1.501408
3.1174E-07	1.500932
3.13331E-07	1.500465
3.14922E-07	1.500005
3.16513E-07	1.499552
3.18104E-07	1.499107
3.19695E-07	1.498669
3.21287E-07	1.498238
3.22878E-07	1.497814
3.24469E-07	1.497397
3.26061E-07	1.496986
3.27652E-07	1.496582
3.29244E-07	1.496183
3.30835E-07	1.495791
3.32427E-07	1.495405
3.34019E-07	1.495026
3.35611E-07	1.494651
3.37202E-07	1.494283
3.38794E-07	1.49392
3.40386E-07	1.493562
3.41978E-07	1.49321
3.4357E-07	1.492863
3.45162E-07	1.492521
3.46755E-07	1.492184
3.48347E-07	1.491852
3.49939E-07	1.491525
3.51531E-07	1.491203
3.53124E-07	1.490885
3.54716E-07	1.490572
3.56309E-07	1.490263
3.57901E-07	1.489959
3.59494E-07	1.489658
3.61086E-07	1.489363
3.62679E-07	1.489071
3.64272E-07	1.488783
3.65864E-07	1.4885
3.67457E-07	1.48822
3.6905E-07	1.487944
3.70643E-07	1.487672
3.72235E-07	1.487403
3.73828E-07	1.487138
3.75421E-07	1.486877
3.77014E-07	1.486619
3.78607E-07	1.486365
3.802E-07	1.486114
3.81793E-07	1.485867
3.83387E-07	1.485622
3.8498E-07	1.485381
3.86573E-07	1.485143
3.88166E-07	1.484908
3.89759E-07	1.484676
3.91353E-07	1.484447
3.92946E-07	1.484221
3.94539E-07	1.483998
3.96133E-07	1.483778
3.97726E-07	1.48356
3.99319E-07	1.483346
4.00913E-07	1.483134
4.02506E-07	1.482924
4.041E-07	1.482717
4.05693E-07	1.482513
4.07287E-07	1.482311
4.0888E-07	1.482112
4.10474E-07	1.481915
4.12068E-07	1.481721
4.13661E-07	1.481529
4.15255E-07	1.481339
4.16848E-07	1.481152
4.18442E-07	1.480966
4.20036E-07	1.480783
4.21629E-07	1.480602
4.23223E-07	1.480424
4.24817E-07	1.480247
4.26411E-07	1.480073
4.28004E-07	1.4799
4.29598E-07	1.47973
4.31192E-07	1.479561
4.32786E-07	1.479395
4.34379E-07	1.47923
4.35973E-07	1.479067
4.37567E-07	1.478906
4.39161E-07	1.478747
4.40755E-07	1.47859
4.42349E-07	1.478434
4.43942E-07	1.478281
4.45536E-07	1.478129
4.4713E-07	1.477978
4.48724E-07	1.47783
4.50318E-07	1.477682
4.51912E-07	1.477537
4.53505E-07	1.477393
4.55099E-07	1.477251
4.56693E-07	1.47711
4.58287E-07	1.476971
4.59881E-07	1.476834
4.61475E-07	1.476697
4.63068E-07	1.476563
4.64662E-07	1.476429
4.66256E-07	1.476298
4.6785E-07	1.476167
4.69444E-07	1.476038
4.71038E-07	1.47591
4.72631E-07	1.475784
4.74225E-07	1.475659
4.75819E-07	1.475535
4.77413E-07	1.475413
4.79006E-07	1.475292
4.806E-07	1.475172
4.82194E-07	1.475053
4.83788E-07	1.474936
4.85381E-07	1.474819
4.86975E-07	1.474704
4.88569E-07	1.47459
4.90162E-07	1.474478
4.91756E-07	1.474366
4.93349E-07	1.474255
4.94943E-07	1.474146
4.96537E-07	1.474038
4.9813E-07	1.47393
4.99724E-07	1.473824
5.01317E-07	1.473719
5.02911E-07	1.473615
5.04504E-07	1.473512
5.06098E-07	1.47341
5.07691E-07	1.473309
5.09284E-07	1.473209
5.10878E-07	1.47311
5.12471E-07	1.473011
5.14064E-07	1.472914
5.15658E-07	1.472818
5.17251E-07	1.472723
5.18844E-07	1.472628
5.20437E-07	1.472535
5.2203E-07	1.472442
5.23623E-07	1.47235
5.25216E-07	1.472259
5.2681E-07	1.472169
5.28403E-07	1.47208
5.29996E-07	1.471992
5.31589E-07	1.471904
5.33181E-07	1.471817
5.34774E-07	1.471731
5.36367E-07	1.471646
5.3796E-07	1.471562
5.39553E-07	1.471478
5.41145E-07	1.471395
5.42738E-07	1.471313
5.44331E-07	1.471232
5.45923E-07	1.471151
5.47516E-07	1.471071
5.49108E-07	1.470992
5.50701E-07	1.470913
5.52293E-07	1.470836
5.53885E-07	1.470759
5.55478E-07	1.470682
5.5707E-07	1.470606
5.58662E-07	1.470531
5.60254E-07	1.470457
5.61846E-07	1.470383
5.63438E-07	1.47031
5.6503E-07	1.470238
5.66622E-07	1.470166
5.68214E-07	1.470095
5.69806E-07	1.470024
5.71398E-07	1.469954
5.7299E-07	1.469885
5.74581E-07	1.469816
5.76173E-07	1.469748
5.77764E-07	1.46968
5.79356E-07	1.469613
5.80947E-07	1.469546
5.82539E-07	1.469481
5.8413E-07	1.469415
5.85721E-07	1.46935
5.87312E-07	1.469286
5.88904E-07	1.469222
5.90495E-07	1.469159
5.92086E-07	1.469096
5.93677E-07	1.469034
5.95267E-07	1.468973
5.96858E-07	1.468912
5.98449E-07	1.468851
6.0004E-07	1.468791
6.0163E-07	1.468731
6.03221E-07	1.468672
6.04811E-07	1.468613
6.06401E-07	1.468555
6.07992E-07	1.468497
6.09582E-07	1.46844
6.11172E-07	1.468383
6.12762E-07	1.468327
6.14352E-07	1.468271
6.15942E-07	1.468215
6.17532E-07	1.46816
6.19122E-07	1.468106
6.20711E-07	1.468052
6.22301E-07	1.467998
6.23891E-07	1.467945
6.2548E-07	1.467892
6.27069E-07	1.467839
6.28659E-07	1.467787
6.30248E-07	1.467735
6.31837E-07	1.467684
6.33426E-07	1.467633
6.35015E-07	1.467583
6.36604E-07	1.467533
6.38193E-07	1.467483
6.39781E-07	1.467434
6.4137E-07	1.467385
6.42958E-07	1.467336
6.44547E-07	1.467288
6.46135E-07	1.46724
6.47723E-07	1.467193
6.49312E-07	1.467146
6.509E-07	1.467099
6.52488E-07	1.467052
6.54075E-07	1.467006
6.55663E-07	1.466961
6.57251E-07	1.466915
6.58839E-07	1.46687
6.60426E-07	1.466826
6.62013E-07	1.466781
6.63601E-07	1.466737
6.65188E-07	1.466694
6.66775E-07	1.46665
6.68362E-07	1.466607
6.69949E-07	1.466564
6.71536E-07	1.466522
6.73122E-07	1.46648
6.74709E-07	1.466438
6.76295E-07	1.466396
6.77882E-07	1.466355
6.79468E-07	1.466314
6.81054E-07	1.466273
6.8264E-07	1.466233
6.84226E-07	1.466193
6.85812E-07	1.466153
6.87397E-07	1.466114
6.88983E-07	1.466074
6.90569E-07	1.466036
6.92154E-07	1.465997
6.93739E-07	1.465958
6.95324E-07	1.46592
6.96909E-07	1.465883
6.98494E-07	1.465845
7.00079E-07	1.465808
7.01664E-07	1.465771
7.03248E-07	1.465734
7.04833E-07	1.465697
7.06417E-07	1.465661
7.08001E-07	1.465625
7.09585E-07	1.465589
7.11169E-07	1.465554
7.12753E-07	1.465518
7.14337E-07	1.465483
7.1592E-07	1.465448
7.17504E-07	1.465414
7.19087E-07	1.465379
7.20671E-07	1.465345
7.22254E-07	1.465311
7.23837E-07	1.465278
7.25419E-07	1.465244
7.27002E-07	1.465211
7.28585E-07	1.465178
7.30167E-07	1.465145
7.31749E-07	1.465113
7.33332E-07	1.46508
7.34914E-07	1.465048
7.36496E-07	1.465016
7.38077E-07	1.464985
7.39659E-07	1.464953
7.41241E-07	1.464922
7.42822E-07	1.464891
7.44403E-07	1.46486
7.45984E-07	1.464829
7.47565E-07	1.464799
7.49146E-07	1.464769
7.50727E-07	1.464738
7.52307E-07	1.464709
7.53888E-07	1.464679
7.55468E-07	1.464649
7.57048E-07	1.46462
7.58628E-07	1.464591
7.60208E-07	1.464562
7.61787E-07	1.464533
7.63367E-07	1.464505
7.64946E-07	1.464476
7.66526E-07	1.464448
7.68105E-07	1.46442
7.69684E-07	1.464392
7.71262E-07	1.464365
7.72841E-07	1.464337
7.7442E-07	1.46431
7.75998E-07	1.464283
7.77576E-07	1.464256
7.79154E-07	1.464229
7.80732E-07	1.464202
7.8231E-07	1.464176
7.83887E-07	1.46415
7.85465E-07	1.464123
7.87042E-07	1.464097
7.88619E-07	1.464072
7.90196E-07	1.464046
7.91773E-07	1.46402
7.93349E-07	1.463995
7.94926E-07	1.46397
7.96502E-07	1.463945
7.98078E-07	1.46392
7.99654E-07	1.463895
8.0123E-07	1.463871
8.02806E-07	1.463846
8.04381E-07	1.463822
8.05956E-07	1.463798
8.07531E-07	1.463774
8.09106E-07	1.46375
8.10681E-07	1.463726
8.12256E-07	1.463703
8.1383E-07	1.463679
8.15405E-07	1.463656
8.16979E-07	1.463633
8.18553E-07	1.46361
8.20126E-07	1.463587
8.217E-07	1.463564
8.23273E-07	1.463542
8.24847E-07	1.463519
8.2642E-07	1.463497
8.27992E-07	1.463475
8.29565E-07	1.463453
8.31138E-07	1.463431
8.3271E-07	1.463409
8.34282E-07	1.463387
8.35854E-07	1.463366
8.37426E-07	1.463344
8.38998E-07	1.463323
8.40569E-07	1.463302
8.4214E-07	1.463281
8.43711E-07	1.46326
8.45282E-07	1.463239
8.46853E-07	1.463218
8.48424E-07	1.463198
8.49994E-07	1.463177
8.51564E-07	1.463157
8.53134E-07	1.463137
8.54704E-07	1.463117
8.56273E-07	1.463096
8.57843E-07	1.463077
8.59412E-07	1.463057
8.60981E-07	1.463037
8.6255E-07	1.463018
8.64118E-07	1.462998
8.65687E-07	1.462979
8.67255E-07	1.46296
8.68823E-07	1.462941
8.70391E-07	1.462922
8.71958E-07	1.462903
8.73526E-07	1.462884
8.75093E-07	1.462865
8.7666E-07	1.462847
8.78227E-07	1.462828
8.79793E-07	1.46281
8.8136E-07	1.462791
8.82926E-07	1.462773
8.84492E-07	1.462755
8.86058E-07	1.462737
8.87623E-07	1.462719
8.89189E-07	1.462702
8.90754E-07	1.462684
8.92319E-07	1.462666
8.93884E-07	1.462649
8.95448E-07	1.462631
8.97013E-07	1.462614
8.98577E-07	1.462597
9.00141E-07	1.46258
9.01704E-07	1.462563
9.03268E-07	1.462546
9.04831E-07	1.462529
9.06394E-07	1.462512
9.07957E-07	1.462495
9.0952E-07	1.462479
9.11082E-07	1.462462
9.12644E-07	1.462446
9.14206E-07	1.46243
9.15768E-07	1.462413
9.17329E-07	1.462397
9.18891E-07	1.462381
9.20452E-07	1.462365
9.22013E-07	1.462349
9.23573E-07	1.462334
9.25134E-07	1.462318
9.26694E-07	1.462302
9.28254E-07	1.462287
9.29814E-07	1.462271
9.31373E-07	1.462256
9.32933E-07	1.462241
9.34492E-07	1.462225
9.36051E-07	1.46221
9.37609E-07	1.462195
9.39168E-07	1.46218
9.40726E-07	1.462165
9.42284E-07	1.46215
9.43841E-07	1.462136
9.45399E-07	1.462121
9.46956E-07	1.462106
9.48513E-07	1.462092
9.5007E-07	1.462077
9.51626E-07	1.462063
9.53182E-07	1.462049
9.54738E-07	1.462034
9.56294E-07	1.46202
9.5785E-07	1.462006
9.59405E-07	1.461992
9.6096E-07	1.461978
9.62515E-07	1.461964
9.6407E-07	1.46195
9.65624E-07	1.461937
9.67178E-07	1.461923
9.68732E-07	1.461909
9.70286E-07	1.461896
9.71839E-07	1.461882
9.73392E-07	1.461869
9.74945E-07	1.461856
9.76498E-07	1.461842
9.7805E-07	1.461829
9.79602E-07	1.461816
9.81154E-07	1.461803
9.82705E-07	1.46179
9.84257E-07	1.461777
9.85808E-07	1.461764
9.87359E-07	1.461751
9.88909E-07	1.461738
9.9046E-07	1.461726
9.9201E-07	1.461713
9.9356E-07	1.4617
9.95109E-07	1.461688
9.96659E-07	1.461676
9.98208E-07	1.461663
9.99756E-07	1.461651
1.01172E-06	1.461557
1.01519E-06	1.461531
1.01865E-06	1.461505
1.02211E-06	1.461479
1.02557E-06	1.461453
1.02904E-06	1.461428
1.0325E-06	1.461403
1.03596E-06	1.461378
1.03943E-06	1.461354
1.04289E-06	1.461329
1.04635E-06	1.461305
1.04981E-06	1.461281
1.05328E-06	1.461258
1.05674E-06	1.461234
1.0602E-06	1.461211
1.06367E-06	1.461188
1.06713E-06	1.461166
1.07059E-06	1.461143
1.07405E-06	1.461121
1.07752E-06	1.461099
1.08098E-06	1.461077
1.08444E-06	1.461056
1.08791E-06	1.461034
1.09137E-06	1.461013
1.09483E-06	1.460992
1.0983E-06	1.460971
1.10176E-06	1.46095
1.10522E-06	1.46093
1.10868E-06	1.46091
1.11215E-06	1.46089
1.11561E-06	1.46087
1.11907E-06	1.46085
1.12254E-06	1.460831
1.126E-06	1.460812
1.12946E-06	1.460793
1.13292E-06	1.460774
1.13639E-06	1.460755
1.13985E-06	1.460736
1.14331E-06	1.460718
1.14677E-06	1.4607
1.15024E-06	1.460682
1.1537E-06	1.460664
1.15716E-06	1.460646
1.16062E-06	1.460628
1.16409E-06	1.460611
1.16755E-06	1.460594
1.17101E-06	1.460577
1.17447E-06	1.460559
1.17793E-06	1.460543
1.1814E-06	1.460526
1.18486E-06	1.46051
1.18832E-06	1.460493
1.19178E-06	1.460477
1.19524E-06	1.460461
1.1987E-06	1.460445
1.20217E-06	1.460429
1.20563E-06	1.460413
1.20909E-06	1.460398
1.21255E-06	1.460382
1.21601E-06	1.460367
1.21947E-06	1.460352
1.22293E-06	1.460337
1.22639E-06	1.460322
1.22986E-06	1.460307
1.23332E-06	1.460293
1.23678E-06	1.460278
1.24024E-06	1.460264
1.2437E-06	1.46025
1.24716E-06	1.460235
1.25062E-06	1.460221
1.25408E-06	1.460207
1.25754E-06	1.460194
1.261E-06	1.46018
1.26446E-06	1.460166
1.26792E-06	1.460153
1.27138E-06	1.46014
1.27484E-06	1.460126
1.27829E-06	1.460113
1.28175E-06	1.4601
1.28521E-06	1.460087
1.28867E-06	1.460075
1.29213E-06	1.460062
1.29559E-06	1.460049
1.29905E-06	1.460037
1.30251E-06	1.460024
1.30596E-06	1.460012
1.30942E-06	1.46
1.31288E-06	1.459988
1.31634E-06	1.459976
1.31979E-06	1.459964
1.32325E-06	1.459952
1.32671E-06	1.45994
1.33017E-06	1.459929
1.33362E-06	1.459917
1.33708E-06	1.459906
1.34054E-06	1.459894
1.34399E-06	1.459883
1.34745E-06	1.459872
1.35091E-06	1.459861
1.35436E-06	1.45985
1.35782E-06	1.459839
1.36127E-06	1.459828
1.36473E-06	1.459817
1.36818E-06	1.459807
1.37164E-06	1.459796
1.37509E-06	1.459785
1.37855E-06	1.459775
1.382E-06	1.459765
1.38546E-06	1.459754
1.38891E-06	1.459744
1.39236E-06	1.459734
1.39582E-06	1.459724
1.39927E-06	1.459714
1.40272E-06	1.459704
1.40618E-06	1.459694
1.40963E-06	1.459684
1.41308E-06	1.459675
1.41653E-06	1.459665
1.41999E-06	1.459656
1.42344E-06	1.459646
1.42689E-06	1.459637
1.43034E-06	1.459628
1.43379E-06	1.459618
1.43724E-06	1.459609
1.44069E-06	1.4596
1.44414E-06	1.459591
1.44759E-06	1.459582
1.45104E-06	1.459573
1.45449E-06	1.459564
1.45794E-06	1.459555
1.46139E-06	1.459547
1.46484E-06	1.459538
1.46829E-06	1.459529
1.47174E-06	1.459521
1.47519E-06	1.459512
1.47864E-06	1.459504
1.48208E-06	1.459495
1.48553E-06	1.459487
1.48898E-06	1.459479
1.49243E-06	1.459471
1.49587E-06	1.459463
1.49932E-06	1.459454
1.50276E-06	1.459446
1.50621E-06	1.459438
1.50966E-06	1.459431
1.5131E-06	1.459423
1.51655E-06	1.459415
1.51999E-06	1.459407
1.52344E-06	1.459399
1.52688E-06	1.459392
1.53032E-06	1.459384
1.53377E-06	1.459377
1.53721E-06	1.459369
1.54065E-06	1.459362
1.5441E-06	1.459354
1.54754E-06	1.459347
1.55098E-06	1.45934
1.55442E-06	1.459332
1.55787E-06	1.459325
1.56131E-06	1.459318
1.56475E-06	1.459311
1.56819E-06	1.459304
1.57163E-06	1.459297
1.57507E-06	1.45929
1.57851E-06	1.459283
1.58195E-06	1.459276
1.58539E-06	1.45927
1.58883E-06	1.459263
1.59226E-06	1.459256
1.5957E-06	1.459249
1.59914E-06	1.459243
1.60258E-06	1.459236
1.60601E-06	1.45923
1.60945E-06	1.459223
1.61289E-06	1.459217
1.61632E-06	1.45921
1.61976E-06	1.459204
1.62319E-06	1.459197
1.62663E-06	1.459191
1.63006E-06	1.459185
1.6335E-06	1.459179
1.63693E-06	1.459172
1.64037E-06	1.459166
1.6438E-06	1.45916
1.64723E-06	1.459154
1.65066E-06	1.459148
1.6541E-06	1.459142
1.65753E-06	1.459136
1.66096E-06	1.45913
1.66439E-06	1.459124
1.66782E-06	1.459119
1.67125E-06	1.459113
1.67468E-06	1.459107
1.67811E-06	1.459101
1.68154E-06	1.459096
1.68497E-06	1.45909
1.6884E-06	1.459084
