3.16513E-07 1.483005
3.18104E-07 1.482717
3.19695E-07 1.482432
3.21287E-07 1.482149
3.22878E-07 1.481868
3.24469E-07 1.48159
3.26061E-07 1.481313
3.27652E-07 1.481039
3.29244E-07 1.480768
3.30835E-07 1.480498
3.32427E-07 1.48023
3.34019E-07 1.479965
3.35611E-07 1.479702
3.37202E-07 1.479442
3.38794E-07 1.479183
3.40386E-07 1.478926
3.41978E-07 1.478672
3.4357E-07 1.47842
3.45162E-07 1.47817
3.46755E-07 1.477923
3.48347E-07 1.477677
3.49939E-07 1.477434
3.51531E-07 1.477192
3.53124E-07 1.476953
3.54716E-07 1.476716
3.56309E-07 1.476481
3.57901E-07 1.476248
3.59494E-07 1.476017
3.61086E-07 1.475788
3.62679E-07 1.475561
3.64272E-07 1.475336
3.65864E-07 1.475114
3.67457E-07 1.474893
3.6905E-07 1.474674
3.70643E-07 1.474457
3.72235E-07 1.474242
3.73828E-07 1.474029
3.75421E-07 1.473818
3.77014E-07 1.473609
3.78607E-07 1.473402
3.802E-07 1.473196
3.81793E-07 1.472992
3.83387E-07 1.472791
3.8498E-07 1.472591
3.86573E-07 1.472393
3.88166E-07 1.472196
3.89759E-07 1.472002
3.91353E-07 1.471809
3.92946E-07 1.471618
3.94539E-07 1.471428
3.96133E-07 1.471241
3.97726E-07 1.471055
3.99319E-07 1.47087
4.00913E-07 1.470688
4.02506E-07 1.470507
4.041E-07 1.470327
4.05693E-07 1.470149
4.07287E-07 1.469973
4.0888E-07 1.469799
4.10474E-07 1.469626
4.12068E-07 1.469454
4.13661E-07 1.469284
4.15255E-07 1.469116
4.16848E-07 1.468949
4.18442E-07 1.468783
4.20036E-07 1.46862
4.21629E-07 1.468457
4.23223E-07 1.468296
4.24817E-07 1.468136
4.26411E-07 1.467978
4.28004E-07 1.467821
4.29598E-07 1.467666
4.31192E-07 1.467512
4.32786E-07 1.467359
4.34379E-07 1.467208
4.35973E-07 1.467058
4.37567E-07 1.466909
4.39161E-07 1.466762
4.40755E-07 1.466616
4.42349E-07 1.466471
4.43942E-07 1.466328
4.45536E-07 1.466186
4.4713E-07 1.466045
4.48724E-07 1.465905
4.50318E-07 1.465766
4.51912E-07 1.465629
4.53505E-07 1.465493
4.55099E-07 1.465358
4.56693E-07 1.465224
4.58287E-07 1.465091
4.59881E-07 1.46496
4.61475E-07 1.464829
4.63068E-07 1.4647
4.64662E-07 1.464572
4.66256E-07 1.464445
4.6785E-07 1.464319
4.69444E-07 1.464194
4.71038E-07 1.46407
4.72631E-07 1.463947
4.74225E-07 1.463826
4.75819E-07 1.463705
4.77413E-07 1.463585
4.79006E-07 1.463467
4.806E-07 1.463349
4.82194E-07 1.463232
4.83788E-07 1.463117
4.85381E-07 1.463002
4.86975E-07 1.462888
4.88569E-07 1.462775
4.90162E-07 1.462664
4.91756E-07 1.462553
4.93349E-07 1.462443
4.94943E-07 1.462333
4.96537E-07 1.462225
4.9813E-07 1.462118
4.99724E-07 1.462012
5.01317E-07 1.461906
5.02911E-07 1.461801
5.04504E-07 1.461697
5.06098E-07 1.461595
5.07691E-07 1.461492
5.09284E-07 1.461391
5.10878E-07 1.461291
5.12471E-07 1.461191
5.14064E-07 1.461092
5.15658E-07 1.460994
5.17251E-07 1.460897
5.18844E-07 1.4608
5.20437E-07 1.460705
5.2203E-07 1.46061
5.23623E-07 1.460516
5.25216E-07 1.460422
5.2681E-07 1.46033
5.28403E-07 1.460238
5.29996E-07 1.460146
5.31589E-07 1.460056
5.33181E-07 1.459966
5.34774E-07 1.459877
5.36367E-07 1.459789
5.3796E-07 1.459701
5.39553E-07 1.459614
5.41145E-07 1.459528
5.42738E-07 1.459442
5.44331E-07 1.459357
5.45923E-07 1.459273
5.47516E-07 1.459189
5.49108E-07 1.459106
5.50701E-07 1.459024
5.52293E-07 1.458942
5.53885E-07 1.458861
5.55478E-07 1.458781
5.5707E-07 1.458701
5.58662E-07 1.458622
5.60254E-07 1.458543
5.61846E-07 1.458465
5.63438E-07 1.458388
5.6503E-07 1.458311
5.66622E-07 1.458235
5.68214E-07 1.458159
5.69806E-07 1.458084
5.71398E-07 1.45801
5.7299E-07 1.457936
5.74581E-07 1.457862
5.76173E-07 1.457789
5.77764E-07 1.457717
5.79356E-07 1.457645
5.80947E-07 1.457574
5.82539E-07 1.457503
5.8413E-07 1.457433
5.85721E-07 1.457363
5.87312E-07 1.457294
5.88904E-07 1.457226
5.90495E-07 1.457158
5.92086E-07 1.45709
5.93677E-07 1.457023
5.95267E-07 1.456956
5.96858E-07 1.45689
5.98449E-07 1.456824
6.0004E-07 1.456759
6.0163E-07 1.456694
6.03221E-07 1.45663
6.04811E-07 1.456566
6.06401E-07 1.456503
6.07992E-07 1.45644
6.09582E-07 1.456378
6.11172E-07 1.456316
6.12762E-07 1.456254
6.14352E-07 1.456193
6.15942E-07 1.456133
6.17532E-07 1.456072
6.19122E-07 1.456012
6.20711E-07 1.455953
6.22301E-07 1.455894
6.23891E-07 1.455836
6.2548E-07 1.455778
6.27069E-07 1.45572
6.28659E-07 1.455662
6.30248E-07 1.455606
6.31837E-07 1.455549
6.33426E-07 1.455493
6.35015E-07 1.455437
6.36604E-07 1.455382
6.38193E-07 1.455327
6.39781E-07 1.455272
6.4137E-07 1.455218
6.42958E-07 1.455164
6.44547E-07 1.455111
6.46135E-07 1.455058
6.47723E-07 1.455005
6.49312E-07 1.454953
6.509E-07 1.454901
6.52488E-07 1.454849
6.54075E-07 1.454798
6.55663E-07 1.454747
6.57251E-07 1.454696
6.58839E-07 1.454646
6.60426E-07 1.454596
6.62013E-07 1.454546
6.63601E-07 1.454497
6.65188E-07 1.454448
6.66775E-07 1.454399
6.68362E-07 1.454351
6.69949E-07 1.454303
6.71536E-07 1.454256
6.73122E-07 1.454208
6.74709E-07 1.454161
6.76295E-07 1.454115
6.77882E-07 1.454068
6.79468E-07 1.454022
6.81054E-07 1.453976
6.8264E-07 1.453931
6.84226E-07 1.453886
6.85812E-07 1.453841
6.87397E-07 1.453796
6.88983E-07 1.453752
6.90569E-07 1.453708
6.92154E-07 1.453664
6.93739E-07 1.453621
6.95324E-07 1.453578
6.96909E-07 1.453535
6.98494E-07 1.453492
7.00079E-07 1.45345
7.01664E-07 1.453408
7.03248E-07 1.453366
7.04833E-07 1.453324
7.06417E-07 1.453283
7.08001E-07 1.453242
7.09585E-07 1.453201
7.11169E-07 1.453161
7.12753E-07 1.45312
7.14337E-07 1.453081
7.1592E-07 1.453041
7.17504E-07 1.453001
7.19087E-07 1.452962
7.20671E-07 1.452923
7.22254E-07 1.452884
7.23837E-07 1.452846
7.25419E-07 1.452808
7.27002E-07 1.45277
7.28585E-07 1.452732
7.30167E-07 1.452694
7.31749E-07 1.452657
7.33332E-07 1.45262
7.34914E-07 1.452583
7.36496E-07 1.452546
7.38077E-07 1.45251
7.39659E-07 1.452474
7.41241E-07 1.452438
7.42822E-07 1.452402
7.44403E-07 1.452367
7.45984E-07 1.452331
7.47565E-07 1.452296
7.49146E-07 1.452261
7.50727E-07 1.452227
7.52307E-07 1.452192
7.53888E-07 1.452158
7.55468E-07 1.452124
7.57048E-07 1.45209
7.58628E-07 1.452057
7.60208E-07 1.452023
7.61787E-07 1.45199
7.63367E-07 1.451957
7.64946E-07 1.451924
7.66526E-07 1.451891
7.68105E-07 1.451859
7.69684E-07 1.451827
7.71262E-07 1.451795
7.72841E-07 1.451763
7.7442E-07 1.451731
7.75998E-07 1.451699
7.77576E-07 1.451668
7.79154E-07 1.451637
7.80732E-07 1.451606
7.8231E-07 1.451575
7.83887E-07 1.451545
7.85465E-07 1.451514
7.87042E-07 1.451484
7.88619E-07 1.451454
7.90196E-07 1.451424
7.91773E-07 1.451394
7.93349E-07 1.451365
7.94926E-07 1.451335
7.96502E-07 1.451306
7.98078E-07 1.451277
7.99654E-07 1.451248
8.0123E-07 1.45122
8.02806E-07 1.451191
8.04381E-07 1.451163
8.05956E-07 1.451135
8.07531E-07 1.451106
8.09106E-07 1.451079
8.10681E-07 1.451051
8.12256E-07 1.451023
8.1383E-07 1.450996
8.15405E-07 1.450969
8.16979E-07 1.450941
8.18553E-07 1.450914
8.20126E-07 1.450888
8.217E-07 1.450861
8.23273E-07 1.450834
8.24847E-07 1.450808
8.2642E-07 1.450782
8.27992E-07 1.450756
8.29565E-07 1.45073
8.31138E-07 1.450704
8.3271E-07 1.450678
8.34282E-07 1.450653
8.35854E-07 1.450628
8.37426E-07 1.450602
8.38998E-07 1.450577
8.40569E-07 1.450552
8.4214E-07 1.450527
8.43711E-07 1.450503
8.45282E-07 1.450478
8.46853E-07 1.450454
8.48424E-07 1.45043
8.49994E-07 1.450405
8.51564E-07 1.450381
8.53134E-07 1.450357
8.54704E-07 1.450334
8.56273E-07 1.45031
8.57843E-07 1.450287
8.59412E-07 1.450263
8.60981E-07 1.45024
8.6255E-07 1.450217
8.64118E-07 1.450194
8.65687E-07 1.450171
8.67255E-07 1.450148
8.68823E-07 1.450126
8.70391E-07 1.450103
8.71958E-07 1.450081
8.73526E-07 1.450058
8.75093E-07 1.450036
8.7666E-07 1.450014
8.78227E-07 1.449992
8.79793E-07 1.44997
8.8136E-07 1.449949
8.82926E-07 1.449927
8.84492E-07 1.449906
8.86058E-07 1.449884
8.87623E-07 1.449863
8.89189E-07 1.449842
8.90754E-07 1.449821
8.92319E-07 1.4498
8.93884E-07 1.449779
8.95448E-07 1.449759
8.97013E-07 1.449738
8.98577E-07 1.449717
9.00141E-07 1.449697
9.01704E-07 1.449677
9.03268E-07 1.449657
9.04831E-07 1.449636
9.06394E-07 1.449617
9.07957E-07 1.449597
9.0952E-07 1.449577
9.11082E-07 1.449557
9.12644E-07 1.449538
9.14206E-07 1.449518
9.15768E-07 1.449499
9.17329E-07 1.44948
9.18891E-07 1.44946
9.20452E-07 1.449441
9.22013E-07 1.449422
9.23573E-07 1.449404
9.25134E-07 1.449385
9.26694E-07 1.449366
9.28254E-07 1.449347
9.29814E-07 1.449329
9.31373E-07 1.449311
9.32933E-07 1.449292
9.34492E-07 1.449274
9.36051E-07 1.449256
9.37609E-07 1.449238
9.39168E-07 1.44922
9.40726E-07 1.449202
9.42284E-07 1.449184
9.43841E-07 1.449166
9.45399E-07 1.449149
9.46956E-07 1.449131
9.48513E-07 1.449114
9.5007E-07 1.449097
9.51626E-07 1.449079
9.53182E-07 1.449062
9.54738E-07 1.449045
9.56294E-07 1.449028
9.5785E-07 1.449011
9.59405E-07 1.448994
9.6096E-07 1.448977
9.62515E-07 1.448961
9.6407E-07 1.448944
9.65624E-07 1.448928
9.67178E-07 1.448911
9.68732E-07 1.448895
9.70286E-07 1.448879
9.71839E-07 1.448862
9.73392E-07 1.448846
9.74945E-07 1.44883
9.76498E-07 1.448814
9.7805E-07 1.448798
9.79602E-07 1.448782
9.81154E-07 1.448767
9.82705E-07 1.448751
9.84257E-07 1.448735
9.85808E-07 1.44872
9.87359E-07 1.448704
9.88909E-07 1.448689
9.9046E-07 1.448674
9.9201E-07 1.448658
9.9356E-07 1.448643
9.95109E-07 1.448628
9.96659E-07 1.448613
9.98208E-07 1.448598
9.99756E-07 1.448583
1.01172E-06 1.44847
1.01519E-06 1.448439
1.01865E-06 1.448407
1.02211E-06 1.448376
1.02557E-06 1.448345
1.02904E-06 1.448314
1.0325E-06 1.448284
1.03596E-06 1.448254
1.03943E-06 1.448224
1.04289E-06 1.448194
1.04635E-06 1.448165
1.04981E-06 1.448136
1.05328E-06 1.448107
1.05674E-06 1.448079
1.0602E-06 1.448051
1.06367E-06 1.448023
1.06713E-06 1.447996
1.07059E-06 1.447968
1.07405E-06 1.447941
1.07752E-06 1.447914
1.08098E-06 1.447888
1.08444E-06 1.447862
1.08791E-06 1.447835
1.09137E-06 1.44781
1.09483E-06 1.447784
1.0983E-06 1.447759
1.10176E-06 1.447734
1.10522E-06 1.447709
1.10868E-06 1.447684
1.11215E-06 1.44766
1.11561E-06 1.447635
1.11907E-06 1.447611
1.12254E-06 1.447588
1.126E-06 1.447564
1.12946E-06 1.447541
1.13292E-06 1.447518
1.13639E-06 1.447495
1.13985E-06 1.447472
1.14331E-06 1.447449
1.14677E-06 1.447427
1.15024E-06 1.447405
1.1537E-06 1.447383
1.15716E-06 1.447361
1.16062E-06 1.44734
1.16409E-06 1.447318
1.16755E-06 1.447297
1.17101E-06 1.447276
1.17447E-06 1.447255
1.17793E-06 1.447235
1.1814E-06 1.447214
1.18486E-06 1.447194
1.18832E-06 1.447174
1.19178E-06 1.447154
1.19524E-06 1.447134
1.1987E-06 1.447114
1.20217E-06 1.447095
1.20563E-06 1.447076
1.20909E-06 1.447057
1.21255E-06 1.447038
1.21601E-06 1.447019
1.21947E-06 1.447
1.22293E-06 1.446982
1.22639E-06 1.446963
1.22986E-06 1.446945
1.23332E-06 1.446927
1.23678E-06 1.446909
1.24024E-06 1.446892
1.2437E-06 1.446874
1.24716E-06 1.446857
1.25062E-06 1.446839
1.25408E-06 1.446822
1.25754E-06 1.446805
1.261E-06 1.446788
1.26446E-06 1.446772
1.26792E-06 1.446755
1.27138E-06 1.446738
1.27484E-06 1.446722
1.27829E-06 1.446706
1.28175E-06 1.44669
1.28521E-06 1.446674
1.28867E-06 1.446658
1.29213E-06 1.446642
1.29559E-06 1.446627
1.29905E-06 1.446611
1.30251E-06 1.446596
1.30596E-06 1.446581
1.30942E-06 1.446566
1.31288E-06 1.446551
1.31634E-06 1.446536
1.31979E-06 1.446521
1.32325E-06 1.446507
1.32671E-06 1.446492
1.33017E-06 1.446478
1.33362E-06 1.446463
1.33708E-06 1.446449
1.34054E-06 1.446435
1.34399E-06 1.446421
1.34745E-06 1.446407
1.35091E-06 1.446393
1.35436E-06 1.44638
1.35782E-06 1.446366
1.36127E-06 1.446353
1.36473E-06 1.446339
1.36818E-06 1.446326
1.37164E-06 1.446313
1.37509E-06 1.4463
1.37855E-06 1.446287
1.382E-06 1.446274
1.38546E-06 1.446262
1.38891E-06 1.446249
1.39236E-06 1.446236
1.39582E-06 1.446224
1.39927E-06 1.446211
1.40272E-06 1.446199
1.40618E-06 1.446187
1.40963E-06 1.446175
1.41308E-06 1.446163
1.41653E-06 1.446151
1.41999E-06 1.446139
1.42344E-06 1.446127
1.42689E-06 1.446116
1.43034E-06 1.446104
1.43379E-06 1.446092
1.43724E-06 1.446081
1.44069E-06 1.44607
1.44414E-06 1.446058
1.44759E-06 1.446047
1.45104E-06 1.446036
1.45449E-06 1.446025
1.45794E-06 1.446014
1.46139E-06 1.446003
1.46484E-06 1.445992
1.46829E-06 1.445982
1.47174E-06 1.445971
1.47519E-06 1.445961
1.47864E-06 1.44595
1.48208E-06 1.44594
1.48553E-06 1.445929
1.48898E-06 1.445919
1.49243E-06 1.445909
1.49587E-06 1.445899
1.49932E-06 1.445888
1.50276E-06 1.445879
1.50621E-06 1.445868
1.50966E-06 1.445859
1.5131E-06 1.445849
1.51655E-06 1.445839
1.51999E-06 1.445829
1.52344E-06 1.44582
1.52688E-06 1.44581
1.53032E-06 1.445801
1.53377E-06 1.445791
1.53721E-06 1.445782
1.54065E-06 1.445773
1.5441E-06 1.445764
1.54754E-06 1.445754
1.55098E-06 1.445745
1.55442E-06 1.445736
1.55787E-06 1.445727
1.56131E-06 1.445718
1.56475E-06 1.445709
1.56819E-06 1.445701
1.57163E-06 1.445692
1.57507E-06 1.445683
1.57851E-06 1.445675
1.58195E-06 1.445666
1.58539E-06 1.445657
1.58883E-06 1.445649
1.59226E-06 1.445641
1.5957E-06 1.445632
1.59914E-06 1.445624
1.60258E-06 1.445616
1.60601E-06 1.445608
1.60945E-06 1.445599
1.61289E-06 1.445591
1.61632E-06 1.445583
1.61976E-06 1.445575
1.62319E-06 1.445567
1.62663E-06 1.44556
1.63006E-06 1.445552
1.6335E-06 1.445544
1.63693E-06 1.445536
1.64037E-06 1.445529
1.6438E-06 1.445521
1.64723E-06 1.445513
1.65066E-06 1.445506
1.6541E-06 1.445498
1.65753E-06 1.445491
1.66096E-06 1.445483
1.66439E-06 1.445476
1.66782E-06 1.445469
1.67125E-06 1.445461
1.67468E-06 1.445454
1.67811E-06 1.445447
1.68154E-06 1.44544
1.68497E-06 1.445433
1.6884E-06 1.445426
