4.58287E-07	1.500304
4.59881E-07	1.500216
4.61475E-07	1.500128
4.63068E-07	1.50004
4.64662E-07	1.499951
4.66256E-07	1.499862
4.6785E-07	1.499772
4.69444E-07	1.499682
4.71038E-07	1.499592
4.72631E-07	1.499501
4.74225E-07	1.499411
4.75819E-07	1.49932
4.77413E-07	1.499229
4.79006E-07	1.499137
4.806E-07	1.499046
4.82194E-07	1.498954
4.83788E-07	1.498863
4.85381E-07	1.498771
4.86975E-07	1.498679
4.88569E-07	1.498587
4.90162E-07	1.498495
4.91756E-07	1.498403
4.93349E-07	1.498311
4.94943E-07	1.498219
4.96537E-07	1.498127
4.9813E-07	1.498034
4.99724E-07	1.497942
5.01317E-07	1.49785
5.02911E-07	1.497759
5.04504E-07	1.497667
5.06098E-07	1.497575
5.07691E-07	1.497483
5.09284E-07	1.497392
5.10878E-07	1.4973
5.12471E-07	1.497209
5.14064E-07	1.497118
5.15658E-07	1.497027
5.17251E-07	1.496936
5.18844E-07	1.496845
5.20437E-07	1.496755
5.2203E-07	1.496664
5.23623E-07	1.496574
5.25216E-07	1.496484
5.2681E-07	1.496395
5.28403E-07	1.496305
5.29996E-07	1.496216
5.31589E-07	1.496127
5.33181E-07	1.496038
5.34774E-07	1.495949
5.36367E-07	1.495861
5.3796E-07	1.495773
5.39553E-07	1.495685
5.41145E-07	1.495597
5.42738E-07	1.49551
5.44331E-07	1.495423
5.45923E-07	1.495336
5.47516E-07	1.495249
5.49108E-07	1.495163
5.50701E-07	1.495077
5.52293E-07	1.494991
5.53885E-07	1.494906
5.55478E-07	1.494821
5.5707E-07	1.494736
5.58662E-07	1.494651
5.60254E-07	1.494567
5.61846E-07	1.494483
5.63438E-07	1.494399
5.6503E-07	1.494316
5.66622E-07	1.494233
5.68214E-07	1.49415
5.69806E-07	1.494068
5.71398E-07	1.493986
5.7299E-07	1.493904
5.74581E-07	1.493822
5.76173E-07	1.493741
5.77764E-07	1.49366
5.79356E-07	1.49358
5.80947E-07	1.4935
5.82539E-07	1.49342
5.8413E-07	1.49334
5.85721E-07	1.493261
5.87312E-07	1.493182
5.88904E-07	1.493104
5.90495E-07	1.493025
5.92086E-07	1.492948
5.93677E-07	1.49287
5.95267E-07	1.492793
5.96858E-07	1.492716
5.98449E-07	1.492639
6.0004E-07	1.492563
6.0163E-07	1.492487
6.03221E-07	1.492412
6.04811E-07	1.492336
6.06401E-07	1.492261
6.07992E-07	1.492187
6.09582E-07	1.492113
6.11172E-07	1.492039
6.12762E-07	1.491965
6.14352E-07	1.491892
6.15942E-07	1.491819
6.17532E-07	1.491746
6.19122E-07	1.491674
6.20711E-07	1.491602
6.22301E-07	1.491531
6.23891E-07	1.491459
6.2548E-07	1.491388
6.27069E-07	1.491318
6.28659E-07	1.491248
6.30248E-07	1.491178
6.31837E-07	1.491108
6.33426E-07	1.491039
6.35015E-07	1.49097
6.36604E-07	1.490901
6.38193E-07	1.490833
6.39781E-07	1.490765
6.4137E-07	1.490697
6.42958E-07	1.49063
6.44547E-07	1.490563
6.46135E-07	1.490496
6.47723E-07	1.49043
6.49312E-07	1.490363
6.509E-07	1.490298
6.52488E-07	1.490232
6.54075E-07	1.490167
6.55663E-07	1.490102
6.57251E-07	1.490038
6.58839E-07	1.489974
6.60426E-07	1.48991
6.62013E-07	1.489846
6.63601E-07	1.489783
6.65188E-07	1.48972
6.66775E-07	1.489657
6.68362E-07	1.489595
6.69949E-07	1.489533
6.71536E-07	1.489471
6.73122E-07	1.489409
6.74709E-07	1.489348
6.76295E-07	1.489287
6.77882E-07	1.489227
6.79468E-07	1.489167
6.81054E-07	1.489107
6.8264E-07	1.489047
6.84226E-07	1.488988
6.85812E-07	1.488928
6.87397E-07	1.48887
6.88983E-07	1.488811
6.90569E-07	1.488753
6.92154E-07	1.488695
6.93739E-07	1.488637
6.95324E-07	1.48858
6.96909E-07	1.488523
6.98494E-07	1.488466
7.00079E-07	1.488409
7.01664E-07	1.488353
7.03248E-07	1.488297
7.04833E-07	1.488242
7.06417E-07	1.488186
7.08001E-07	1.488131
7.09585E-07	1.488076
7.11169E-07	1.488021
7.12753E-07	1.487967
7.14337E-07	1.487913
7.1592E-07	1.487859
7.17504E-07	1.487806
7.19087E-07	1.487752
7.20671E-07	1.487699
7.22254E-07	1.487647
7.23837E-07	1.487594
7.25419E-07	1.487542
7.27002E-07	1.48749
7.28585E-07	1.487438
7.30167E-07	1.487387
7.31749E-07	1.487336
7.33332E-07	1.487285
7.34914E-07	1.487234
7.36496E-07	1.487183
7.38077E-07	1.487133
7.39659E-07	1.487083
7.41241E-07	1.487033
7.42822E-07	1.486984
7.44403E-07	1.486935
7.45984E-07	1.486886
7.47565E-07	1.486837
7.49146E-07	1.486789
7.50727E-07	1.48674
7.52307E-07	1.486692
7.53888E-07	1.486645
7.55468E-07	1.486597
7.57048E-07	1.48655
7.58628E-07	1.486503
7.60208E-07	1.486456
7.61787E-07	1.486409
7.63367E-07	1.486363
7.64946E-07	1.486316
7.66526E-07	1.486271
7.68105E-07	1.486225
7.69684E-07	1.486179
7.71262E-07	1.486134
7.72841E-07	1.486089
7.7442E-07	1.486044
7.75998E-07	1.485999
7.77576E-07	1.485955
7.79154E-07	1.485911
7.80732E-07	1.485867
7.8231E-07	1.485823
7.83887E-07	1.48578
7.85465E-07	1.485736
7.87042E-07	1.485693
7.88619E-07	1.48565
7.90196E-07	1.485608
7.91773E-07	1.485565
7.93349E-07	1.485523
7.94926E-07	1.485481
7.96502E-07	1.485439
7.98078E-07	1.485397
7.99654E-07	1.485356
8.0123E-07	1.485314
8.02806E-07	1.485273
8.04381E-07	1.485232
8.05956E-07	1.485192
8.07531E-07	1.485151
8.09106E-07	1.485111
8.10681E-07	1.485071
8.12256E-07	1.485031
8.1383E-07	1.484991
8.15405E-07	1.484952
8.16979E-07	1.484913
8.18553E-07	1.484873
8.20126E-07	1.484834
8.217E-07	1.484796
8.23273E-07	1.484757
8.24847E-07	1.484719
8.2642E-07	1.484681
8.27992E-07	1.484643
8.29565E-07	1.484605
8.31138E-07	1.484567
8.3271E-07	1.484529
8.34282E-07	1.484492
8.35854E-07	1.484455
8.37426E-07	1.484418
8.38998E-07	1.484381
8.40569E-07	1.484345
8.4214E-07	1.484308
8.43711E-07	1.484272
8.45282E-07	1.484236
8.46853E-07	1.4842
8.48424E-07	1.484164
8.49994E-07	1.484129
8.51564E-07	1.484093
8.53134E-07	1.484058
8.54704E-07	1.484023
8.56273E-07	1.483988
8.57843E-07	1.483953
8.59412E-07	1.483919
8.60981E-07	1.483884
8.6255E-07	1.48385
8.64118E-07	1.483816
8.65687E-07	1.483782
8.67255E-07	1.483748
8.68823E-07	1.483714
8.70391E-07	1.483681
8.71958E-07	1.483648
8.73526E-07	1.483615
8.75093E-07	1.483582
8.7666E-07	1.483549
8.78227E-07	1.483516
8.79793E-07	1.483483
8.8136E-07	1.483451
8.82926E-07	1.483419
8.84492E-07	1.483387
8.86058E-07	1.483355
8.87623E-07	1.483323
8.89189E-07	1.483291
8.90754E-07	1.48326
8.92319E-07	1.483228
8.93884E-07	1.483197
8.95448E-07	1.483166
8.97013E-07	1.483135
8.98577E-07	1.483104
9.00141E-07	1.483074
9.01704E-07	1.483043
9.03268E-07	1.483013
9.04831E-07	1.482983
9.06394E-07	1.482952
9.07957E-07	1.482922
9.0952E-07	1.482893
9.11082E-07	1.482863
9.12644E-07	1.482833
9.14206E-07	1.482804
9.15768E-07	1.482775
9.17329E-07	1.482746
9.18891E-07	1.482717
9.20452E-07	1.482688
9.22013E-07	1.482659
9.23573E-07	1.48263
9.25134E-07	1.482602
9.26694E-07	1.482573
9.28254E-07	1.482545
9.29814E-07	1.482517
9.31373E-07	1.482489
9.32933E-07	1.482461
9.34492E-07	1.482433
9.36051E-07	1.482406
9.37609E-07	1.482378
9.39168E-07	1.482351
9.40726E-07	1.482324
9.42284E-07	1.482296
9.43841E-07	1.48227
9.45399E-07	1.482243
9.46956E-07	1.482216
9.48513E-07	1.482189
9.5007E-07	1.482163
9.51626E-07	1.482136
9.53182E-07	1.48211
9.54738E-07	1.482084
9.56294E-07	1.482058
9.5785E-07	1.482032
9.59405E-07	1.482006
9.6096E-07	1.48198
9.62515E-07	1.481954
9.6407E-07	1.481929
9.65624E-07	1.481904
9.67178E-07	1.481878
9.68732E-07	1.481853
9.70286E-07	1.481828
9.71839E-07	1.481803
9.73392E-07	1.481778
9.74945E-07	1.481754
9.76498E-07	1.481729
9.7805E-07	1.481704
9.79602E-07	1.48168
9.81154E-07	1.481656
9.82705E-07	1.481632
9.84257E-07	1.481607
9.85808E-07	1.481583
9.87359E-07	1.48156
9.88909E-07	1.481536
9.9046E-07	1.481512
9.9201E-07	1.481488
9.9356E-07	1.481465
9.95109E-07	1.481442
9.96659E-07	1.481418
9.98208E-07	1.481395
9.99756E-07	1.481372
1.01172E-06	1.481197
1.01519E-06	1.481147
1.01865E-06	1.481098
1.02211E-06	1.481049
1.02557E-06	1.481001
1.02904E-06	1.480953
1.0325E-06	1.480906
1.03596E-06	1.480859
1.03943E-06	1.480812
1.04289E-06	1.480766
1.04635E-06	1.48072
1.04981E-06	1.480675
1.05328E-06	1.48063
1.05674E-06	1.480585
1.0602E-06	1.480541
1.06367E-06	1.480497
1.06713E-06	1.480454
1.07059E-06	1.48041
1.07405E-06	1.480368
1.07752E-06	1.480326
1.08098E-06	1.480284
1.08444E-06	1.480242
1.08791E-06	1.480201
1.09137E-06	1.48016
1.09483E-06	1.480119
1.0983E-06	1.480079
1.10176E-06	1.480039
1.10522E-06	1.48
1.10868E-06	1.479961
1.11215E-06	1.479922
1.11561E-06	1.479884
1.11907E-06	1.479845
1.12254E-06	1.479808
1.126E-06	1.47977
1.12946E-06	1.479733
1.13292E-06	1.479696
1.13639E-06	1.479659
1.13985E-06	1.479623
1.14331E-06	1.479587
1.14677E-06	1.479552
1.15024E-06	1.479516
1.1537E-06	1.479481
1.15716E-06	1.479446
1.16062E-06	1.479412
1.16409E-06	1.479378
1.16755E-06	1.479344
1.17101E-06	1.47931
1.17447E-06	1.479277
1.17793E-06	1.479243
1.1814E-06	1.479211
1.18486E-06	1.479178
1.18832E-06	1.479146
1.19178E-06	1.479114
1.19524E-06	1.479082
1.1987E-06	1.47905
1.20217E-06	1.479019
1.20563E-06	1.478988
1.20909E-06	1.478957
1.21255E-06	1.478927
1.21601E-06	1.478896
1.21947E-06	1.478866
1.22293E-06	1.478836
1.22639E-06	1.478807
1.22986E-06	1.478777
1.23332E-06	1.478748
1.23678E-06	1.478719
1.24024E-06	1.478691
1.2437E-06	1.478662
1.24716E-06	1.478634
1.25062E-06	1.478606
1.25408E-06	1.478578
1.25754E-06	1.47855
1.261E-06	1.478523
1.26446E-06	1.478496
1.26792E-06	1.478469
1.27138E-06	1.478442
1.27484E-06	1.478416
1.27829E-06	1.478389
1.28175E-06	1.478363
1.28521E-06	1.478337
1.28867E-06	1.478311
1.29213E-06	1.478286
1.29559E-06	1.478261
1.29905E-06	1.478235
1.30251E-06	1.47821
1.30596E-06	1.478186
1.30942E-06	1.478161
1.31288E-06	1.478137
1.31634E-06	1.478112
1.31979E-06	1.478088
1.32325E-06	1.478064
1.32671E-06	1.478041
1.33017E-06	1.478017
1.33362E-06	1.477994
1.33708E-06	1.47797
1.34054E-06	1.477947
1.34399E-06	1.477925
1.34745E-06	1.477902
1.35091E-06	1.477879
1.35436E-06	1.477857
1.35782E-06	1.477835
1.36127E-06	1.477813
1.36473E-06	1.477791
1.36818E-06	1.477769
1.37164E-06	1.477748
1.37509E-06	1.477726
1.37855E-06	1.477705
1.382E-06	1.477684
1.38546E-06	1.477663
1.38891E-06	1.477642
1.39236E-06	1.477621
1.39582E-06	1.477601
1.39927E-06	1.47758
1.40272E-06	1.47756
1.40618E-06	1.47754
1.40963E-06	1.47752
1.41308E-06	1.4775
1.41653E-06	1.477481
1.41999E-06	1.477461
1.42344E-06	1.477442
1.42689E-06	1.477422
1.43034E-06	1.477403
1.43379E-06	1.477384
1.43724E-06	1.477365
1.44069E-06	1.477347
1.44414E-06	1.477328
1.44759E-06	1.47731
1.45104E-06	1.477291
1.45449E-06	1.477273
1.45794E-06	1.477255
1.46139E-06	1.477237
1.46484E-06	1.477219
1.46829E-06	1.477201
1.47174E-06	1.477184
1.47519E-06	1.477166
1.47864E-06	1.477149
1.48208E-06	1.477132
1.48553E-06	1.477114
1.48898E-06	1.477097
1.49243E-06	1.47708
1.49587E-06	1.477064
1.49932E-06	1.477047
1.50276E-06	1.47703
1.50621E-06	1.477014
1.50966E-06	1.476997
1.5131E-06	1.476981
1.51655E-06	1.476965
1.51999E-06	1.476949
1.52344E-06	1.476933
1.52688E-06	1.476917
1.53032E-06	1.476902
1.53377E-06	1.476886
1.53721E-06	1.47687
1.54065E-06	1.476855
1.5441E-06	1.47684
1.54754E-06	1.476824
1.55098E-06	1.476809
1.55442E-06	1.476794
1.55787E-06	1.476779
1.56131E-06	1.476764
1.56475E-06	1.47675
1.56819E-06	1.476735
1.57163E-06	1.47672
1.57507E-06	1.476706
1.57851E-06	1.476692
1.58195E-06	1.476677
1.58539E-06	1.476663
1.58883E-06	1.476649
1.59226E-06	1.476635
1.5957E-06	1.476621
1.59914E-06	1.476607
1.60258E-06	1.476593
1.60601E-06	1.47658
1.60945E-06	1.476566
1.61289E-06	1.476553
1.61632E-06	1.476539
1.61976E-06	1.476526
1.62319E-06	1.476513
1.62663E-06	1.4765
1.63006E-06	1.476487
1.6335E-06	1.476473
1.63693E-06	1.476461
1.64037E-06	1.476448
1.6438E-06	1.476435
1.64723E-06	1.476422
1.65066E-06	1.47641
1.6541E-06	1.476397
1.65753E-06	1.476385
1.66096E-06	1.476372
1.66439E-06	1.47636
1.66782E-06	1.476348
1.67125E-06	1.476336
1.67468E-06	1.476323
1.67811E-06	1.476311
1.68154E-06	1.4763
1.68497E-06	1.476288
1.6884E-06	1.476276
