4.90162E-07	1.498763
4.91756E-07	1.498703
4.93349E-07	1.498643
4.94943E-07	1.498582
4.96537E-07	1.49852
4.9813E-07	1.498458
4.99724E-07	1.498395
5.01317E-07	1.498331
5.02911E-07	1.498267
5.04504E-07	1.498202
5.06098E-07	1.498137
5.07691E-07	1.498072
5.09284E-07	1.498005
5.10878E-07	1.497939
5.12471E-07	1.497872
5.14064E-07	1.497804
5.15658E-07	1.497736
5.17251E-07	1.497668
5.18844E-07	1.497599
5.20437E-07	1.497531
5.2203E-07	1.497461
5.23623E-07	1.497392
5.25216E-07	1.497322
5.2681E-07	1.497252
5.28403E-07	1.497182
5.29996E-07	1.497111
5.31589E-07	1.497041
5.33181E-07	1.49697
5.34774E-07	1.496899
5.36367E-07	1.496828
5.3796E-07	1.496756
5.39553E-07	1.496685
5.41145E-07	1.496613
5.42738E-07	1.496542
5.44331E-07	1.49647
5.45923E-07	1.496398
5.47516E-07	1.496326
5.49108E-07	1.496254
5.50701E-07	1.496182
5.52293E-07	1.496109
5.53885E-07	1.496037
5.55478E-07	1.495965
5.5707E-07	1.495893
5.58662E-07	1.495821
5.60254E-07	1.495749
5.61846E-07	1.495676
5.63438E-07	1.495604
5.6503E-07	1.495532
5.66622E-07	1.49546
5.68214E-07	1.495388
5.69806E-07	1.495316
5.71398E-07	1.495244
5.7299E-07	1.495172
5.74581E-07	1.4951
5.76173E-07	1.495028
5.77764E-07	1.494957
5.79356E-07	1.494885
5.80947E-07	1.494814
5.82539E-07	1.494743
5.8413E-07	1.494671
5.85721E-07	1.4946
5.87312E-07	1.494529
5.88904E-07	1.494458
5.90495E-07	1.494388
5.92086E-07	1.494317
5.93677E-07	1.494246
5.95267E-07	1.494176
5.96858E-07	1.494106
5.98449E-07	1.494036
6.0004E-07	1.493966
6.0163E-07	1.493896
6.03221E-07	1.493827
6.04811E-07	1.493757
6.06401E-07	1.493688
6.07992E-07	1.493619
6.09582E-07	1.49355
6.11172E-07	1.493481
6.12762E-07	1.493413
6.14352E-07	1.493345
6.15942E-07	1.493276
6.17532E-07	1.493209
6.19122E-07	1.493141
6.20711E-07	1.493073
6.22301E-07	1.493006
6.23891E-07	1.492939
6.2548E-07	1.492872
6.27069E-07	1.492805
6.28659E-07	1.492738
6.30248E-07	1.492672
6.31837E-07	1.492606
6.33426E-07	1.49254
6.35015E-07	1.492474
6.36604E-07	1.492409
6.38193E-07	1.492343
6.39781E-07	1.492278
6.4137E-07	1.492213
6.42958E-07	1.492149
6.44547E-07	1.492084
6.46135E-07	1.49202
6.47723E-07	1.491956
6.49312E-07	1.491892
6.509E-07	1.491829
6.52488E-07	1.491765
6.54075E-07	1.491702
6.55663E-07	1.491639
6.57251E-07	1.491577
6.58839E-07	1.491514
6.60426E-07	1.491452
6.62013E-07	1.49139
6.63601E-07	1.491328
6.65188E-07	1.491267
6.66775E-07	1.491205
6.68362E-07	1.491144
6.69949E-07	1.491084
6.71536E-07	1.491023
6.73122E-07	1.490963
6.74709E-07	1.490902
6.76295E-07	1.490842
6.77882E-07	1.490783
6.79468E-07	1.490723
6.81054E-07	1.490664
6.8264E-07	1.490605
6.84226E-07	1.490546
6.85812E-07	1.490488
6.87397E-07	1.49043
6.88983E-07	1.490371
6.90569E-07	1.490314
6.92154E-07	1.490256
6.93739E-07	1.490199
6.95324E-07	1.490142
6.96909E-07	1.490085
6.98494E-07	1.490028
7.00079E-07	1.489972
7.01664E-07	1.489915
7.03248E-07	1.489859
7.04833E-07	1.489804
7.06417E-07	1.489748
7.08001E-07	1.489693
7.09585E-07	1.489638
7.11169E-07	1.489583
7.12753E-07	1.489528
7.14337E-07	1.489474
7.1592E-07	1.48942
7.17504E-07	1.489366
7.19087E-07	1.489312
7.20671E-07	1.489258
7.22254E-07	1.489205
7.23837E-07	1.489152
7.25419E-07	1.489099
7.27002E-07	1.489047
7.28585E-07	1.488994
7.30167E-07	1.488942
7.31749E-07	1.48889
7.33332E-07	1.488839
7.34914E-07	1.488787
7.36496E-07	1.488736
7.38077E-07	1.488685
7.39659E-07	1.488634
7.41241E-07	1.488583
7.42822E-07	1.488533
7.44403E-07	1.488483
7.45984E-07	1.488433
7.47565E-07	1.488383
7.49146E-07	1.488333
7.50727E-07	1.488284
7.52307E-07	1.488235
7.53888E-07	1.488186
7.55468E-07	1.488137
7.57048E-07	1.488089
7.58628E-07	1.48804
7.60208E-07	1.487992
7.61787E-07	1.487944
7.63367E-07	1.487897
7.64946E-07	1.487849
7.66526E-07	1.487802
7.68105E-07	1.487755
7.69684E-07	1.487708
7.71262E-07	1.487662
7.72841E-07	1.487615
7.7442E-07	1.487569
7.75998E-07	1.487523
7.77576E-07	1.487477
7.79154E-07	1.487432
7.80732E-07	1.487386
7.8231E-07	1.487341
7.83887E-07	1.487296
7.85465E-07	1.487251
7.87042E-07	1.487206
7.88619E-07	1.487162
7.90196E-07	1.487118
7.91773E-07	1.487074
7.93349E-07	1.48703
7.94926E-07	1.486986
7.96502E-07	1.486943
7.98078E-07	1.486899
7.99654E-07	1.486856
8.0123E-07	1.486813
8.02806E-07	1.486771
8.04381E-07	1.486728
8.05956E-07	1.486686
8.07531E-07	1.486644
8.09106E-07	1.486602
8.10681E-07	1.48656
8.12256E-07	1.486518
8.1383E-07	1.486477
8.15405E-07	1.486436
8.16979E-07	1.486395
8.18553E-07	1.486354
8.20126E-07	1.486313
8.217E-07	1.486272
8.23273E-07	1.486232
8.24847E-07	1.486192
8.2642E-07	1.486152
8.27992E-07	1.486112
8.29565E-07	1.486072
8.31138E-07	1.486033
8.3271E-07	1.485994
8.34282E-07	1.485954
8.35854E-07	1.485916
8.37426E-07	1.485877
8.38998E-07	1.485838
8.40569E-07	1.4858
8.4214E-07	1.485761
8.43711E-07	1.485723
8.45282E-07	1.485685
8.46853E-07	1.485648
8.48424E-07	1.48561
8.49994E-07	1.485572
8.51564E-07	1.485535
8.53134E-07	1.485498
8.54704E-07	1.485461
8.56273E-07	1.485424
8.57843E-07	1.485388
8.59412E-07	1.485351
8.60981E-07	1.485315
8.6255E-07	1.485279
8.64118E-07	1.485243
8.65687E-07	1.485207
8.67255E-07	1.485171
8.68823E-07	1.485136
8.70391E-07	1.4851
8.71958E-07	1.485065
8.73526E-07	1.48503
8.75093E-07	1.484995
8.7666E-07	1.48496
8.78227E-07	1.484926
8.79793E-07	1.484891
8.8136E-07	1.484857
8.82926E-07	1.484823
8.84492E-07	1.484788
8.86058E-07	1.484755
8.87623E-07	1.484721
8.89189E-07	1.484687
8.90754E-07	1.484654
8.92319E-07	1.48462
8.93884E-07	1.484587
8.95448E-07	1.484554
8.97013E-07	1.484521
8.98577E-07	1.484489
9.00141E-07	1.484456
9.01704E-07	1.484424
9.03268E-07	1.484391
9.04831E-07	1.484359
9.06394E-07	1.484327
9.07957E-07	1.484295
9.0952E-07	1.484263
9.11082E-07	1.484232
9.12644E-07	1.4842
9.14206E-07	1.484169
9.15768E-07	1.484138
9.17329E-07	1.484107
9.18891E-07	1.484076
9.20452E-07	1.484045
9.22013E-07	1.484014
9.23573E-07	1.483984
9.25134E-07	1.483953
9.26694E-07	1.483923
9.28254E-07	1.483893
9.29814E-07	1.483863
9.31373E-07	1.483833
9.32933E-07	1.483803
9.34492E-07	1.483773
9.36051E-07	1.483744
9.37609E-07	1.483714
9.39168E-07	1.483685
9.40726E-07	1.483656
9.42284E-07	1.483627
9.43841E-07	1.483598
9.45399E-07	1.483569
9.46956E-07	1.48354
9.48513E-07	1.483512
9.5007E-07	1.483483
9.51626E-07	1.483455
9.53182E-07	1.483427
9.54738E-07	1.483399
9.56294E-07	1.483371
9.5785E-07	1.483343
9.59405E-07	1.483315
9.6096E-07	1.483288
9.62515E-07	1.48326
9.6407E-07	1.483233
9.65624E-07	1.483205
9.67178E-07	1.483178
9.68732E-07	1.483151
9.70286E-07	1.483124
9.71839E-07	1.483098
9.73392E-07	1.483071
9.74945E-07	1.483044
9.76498E-07	1.483018
9.7805E-07	1.482991
9.79602E-07	1.482965
9.81154E-07	1.482939
9.82705E-07	1.482913
9.84257E-07	1.482887
9.85808E-07	1.482861
9.87359E-07	1.482835
9.88909E-07	1.48281
9.9046E-07	1.482784
9.9201E-07	1.482759
9.9356E-07	1.482733
9.95109E-07	1.482708
9.96659E-07	1.482683
9.98208E-07	1.482658
9.99756E-07	1.482633
1.01172E-06	1.482444
1.01519E-06	1.482391
1.01865E-06	1.482337
1.02211E-06	1.482285
1.02557E-06	1.482232
1.02904E-06	1.482181
1.0325E-06	1.482129
1.03596E-06	1.482078
1.03943E-06	1.482028
1.04289E-06	1.481978
1.04635E-06	1.481928
1.04981E-06	1.481879
1.05328E-06	1.48183
1.05674E-06	1.481782
1.0602E-06	1.481734
1.06367E-06	1.481686
1.06713E-06	1.481639
1.07059E-06	1.481592
1.07405E-06	1.481546
1.07752E-06	1.4815
1.08098E-06	1.481454
1.08444E-06	1.481409
1.08791E-06	1.481364
1.09137E-06	1.48132
1.09483E-06	1.481276
1.0983E-06	1.481232
1.10176E-06	1.481189
1.10522E-06	1.481146
1.10868E-06	1.481103
1.11215E-06	1.481061
1.11561E-06	1.481019
1.11907E-06	1.480977
1.12254E-06	1.480936
1.126E-06	1.480895
1.12946E-06	1.480854
1.13292E-06	1.480814
1.13639E-06	1.480774
1.13985E-06	1.480734
1.14331E-06	1.480695
1.14677E-06	1.480656
1.15024E-06	1.480617
1.1537E-06	1.480579
1.15716E-06	1.480541
1.16062E-06	1.480503
1.16409E-06	1.480466
1.16755E-06	1.480428
1.17101E-06	1.480392
1.17447E-06	1.480355
1.17793E-06	1.480319
1.1814E-06	1.480283
1.18486E-06	1.480247
1.18832E-06	1.480212
1.19178E-06	1.480176
1.19524E-06	1.480142
1.1987E-06	1.480107
1.20217E-06	1.480073
1.20563E-06	1.480039
1.20909E-06	1.480005
1.21255E-06	1.479971
1.21601E-06	1.479938
1.21947E-06	1.479905
1.22293E-06	1.479872
1.22639E-06	1.47984
1.22986E-06	1.479807
1.23332E-06	1.479775
1.23678E-06	1.479743
1.24024E-06	1.479712
1.2437E-06	1.479681
1.24716E-06	1.47965
1.25062E-06	1.479619
1.25408E-06	1.479588
1.25754E-06	1.479558
1.261E-06	1.479528
1.26446E-06	1.479498
1.26792E-06	1.479468
1.27138E-06	1.479439
1.27484E-06	1.479409
1.27829E-06	1.47938
1.28175E-06	1.479352
1.28521E-06	1.479323
1.28867E-06	1.479295
1.29213E-06	1.479266
1.29559E-06	1.479238
1.29905E-06	1.479211
1.30251E-06	1.479183
1.30596E-06	1.479156
1.30942E-06	1.479129
1.31288E-06	1.479102
1.31634E-06	1.479075
1.31979E-06	1.479048
1.32325E-06	1.479022
1.32671E-06	1.478996
1.33017E-06	1.47897
1.33362E-06	1.478944
1.33708E-06	1.478918
1.34054E-06	1.478893
1.34399E-06	1.478868
1.34745E-06	1.478842
1.35091E-06	1.478818
1.35436E-06	1.478793
1.35782E-06	1.478768
1.36127E-06	1.478744
1.36473E-06	1.47872
1.36818E-06	1.478696
1.37164E-06	1.478672
1.37509E-06	1.478648
1.37855E-06	1.478625
1.382E-06	1.478601
1.38546E-06	1.478578
1.38891E-06	1.478555
1.39236E-06	1.478532
1.39582E-06	1.478509
1.39927E-06	1.478487
1.40272E-06	1.478464
1.40618E-06	1.478442
1.40963E-06	1.47842
1.41308E-06	1.478398
1.41653E-06	1.478376
1.41999E-06	1.478355
1.42344E-06	1.478333
1.42689E-06	1.478312
1.43034E-06	1.478291
1.43379E-06	1.47827
1.43724E-06	1.478249
1.44069E-06	1.478228
1.44414E-06	1.478207
1.44759E-06	1.478187
1.45104E-06	1.478166
1.45449E-06	1.478146
1.45794E-06	1.478126
1.46139E-06	1.478106
1.46484E-06	1.478086
1.46829E-06	1.478067
1.47174E-06	1.478047
1.47519E-06	1.478028
1.47864E-06	1.478009
1.48208E-06	1.477989
1.48553E-06	1.47797
1.48898E-06	1.477951
1.49243E-06	1.477933
1.49587E-06	1.477914
1.49932E-06	1.477895
1.50276E-06	1.477877
1.50621E-06	1.477859
1.50966E-06	1.47784
1.5131E-06	1.477822
1.51655E-06	1.477804
1.51999E-06	1.477787
1.52344E-06	1.477769
1.52688E-06	1.477751
1.53032E-06	1.477734
1.53377E-06	1.477716
1.53721E-06	1.477699
1.54065E-06	1.477682
1.5441E-06	1.477665
1.54754E-06	1.477648
1.55098E-06	1.477631
1.55442E-06	1.477614
1.55787E-06	1.477598
1.56131E-06	1.477581
1.56475E-06	1.477565
1.56819E-06	1.477549
1.57163E-06	1.477532
1.57507E-06	1.477516
1.57851E-06	1.4775
1.58195E-06	1.477484
1.58539E-06	1.477469
1.58883E-06	1.477453
1.59226E-06	1.477437
1.5957E-06	1.477422
1.59914E-06	1.477406
1.60258E-06	1.477391
1.60601E-06	1.477376
1.60945E-06	1.477361
1.61289E-06	1.477346
1.61632E-06	1.477331
1.61976E-06	1.477316
1.62319E-06	1.477301
1.62663E-06	1.477286
1.63006E-06	1.477272
1.6335E-06	1.477257
1.63693E-06	1.477243
1.64037E-06	1.477229
1.6438E-06	1.477214
1.64723E-06	1.4772
1.65066E-06	1.477186
1.6541E-06	1.477172
1.65753E-06	1.477158
1.66096E-06	1.477145
1.66439E-06	1.477131
1.66782E-06	1.477117
1.67125E-06	1.477104
1.67468E-06	1.47709
1.67811E-06	1.477077
1.68154E-06	1.477063
1.68497E-06	1.47705
1.6884E-06	1.477037
