501.317139	1.534353
502.910645	1.534267
504.504089	1.534181
506.097504	1.534094
507.690918	1.534007
509.284332	1.53392
510.877625	1.533833
512.471008	1.533746
514.064331	1.533658
515.657593	1.53357
517.250793	1.533482
518.843994	1.533394
520.437134	1.533306
522.030334	1.533218
523.623413	1.533129
525.216492	1.533041
526.80957	1.532952
528.402588	1.532864
529.995544	1.532775
531.588501	1.532687
533.181396	1.532598
534.774231	1.53251
536.367065	1.532421
537.959839	1.532333
539.552612	1.532245
541.145325	1.532156
542.737915	1.532068
544.330566	1.53198
545.923157	1.531892
547.515686	1.531804
549.108154	1.531716
550.700562	1.531628
552.29303	1.53154
553.885376	1.531453
555.477661	1.531365
557.069885	1.531278
558.662109	1.531191
560.254272	1.531104
561.846313	1.531017
563.438354	1.53093
565.030396	1.530844
566.622314	1.530758
568.214233	1.530671
569.80603	1.530586
571.397827	1.5305
572.989563	1.530414
574.581238	1.530329
576.172852	1.530244
577.764404	1.530159
579.355835	1.530074
580.947327	1.52999
582.538696	1.529906
584.130005	1.529822
585.721252	1.529738
587.312378	1.529655
588.903564	1.529571
590.494568	1.529488
592.085571	1.529406
593.676514	1.529323
595.267395	1.529241
596.858154	1.529159
598.448853	1.529077
600.039551	1.528996
601.630127	1.528915
603.220642	1.528834
604.811096	1.528753
606.401489	1.528673
607.99176	1.528593
609.58197	1.528513
611.172119	1.528433
612.762207	1.528354
614.352173	1.528275
615.942139	1.528196
617.531982	1.528118
619.121704	1.52804
620.711426	1.527962
622.301086	1.527884
623.890564	1.527807
625.480042	1.52773
627.069397	1.527654
628.658691	1.527577
630.247925	1.527501
631.837036	1.527425
633.426025	1.52735
635.015015	1.527274
636.603882	1.5272
638.192627	1.527125
639.781311	1.527051
641.369934	1.526977
642.958435	1.526903
644.546814	1.526829
646.135132	1.526756
647.72345	1.526683
649.311584	1.526611
650.899597	1.526539
652.48761	1.526467
654.075439	1.526395
655.663208	1.526324
657.250854	1.526253
658.838501	1.526182
660.425903	1.526111
662.013306	1.526041
663.600586	1.525971
665.187805	1.525902
666.774841	1.525833
668.361877	1.525764
669.94873	1.525695
671.535522	1.525626
673.122192	1.525558
674.70874	1.525491
676.295227	1.525423
677.881531	1.525356
679.467834	1.525289
681.053955	1.525222
682.640015	1.525156
684.225952	1.52509
685.811707	1.525024
687.397461	1.524958
688.983032	1.524893
690.568542	1.524828
692.153931	1.524764
693.739136	1.524699
695.324341	1.524635
696.909302	1.524572
698.494263	1.524508
700.079041	1.524445
701.663696	1.524382
703.248291	1.524319
704.832764	1.524257
706.417114	1.524195
708.001282	1.524133
709.585327	1.524071
711.169312	1.52401
712.753174	1.523949
714.336853	1.523889
715.920471	1.523828
717.503967	1.523768
719.08728	1.523708
720.670532	1.523649
722.253601	1.523589
723.836548	1.52353
725.419373	1.523471
727.002075	1.523413
728.584656	1.523355
730.167114	1.523296
731.749451	1.523239
733.331665	1.523181
734.913696	1.523124
736.495605	1.523067
738.077393	1.52301
739.659058	1.522954
741.24054	1.522898
742.821899	1.522842
744.403198	1.522786
745.984253	1.522731
747.565247	1.522676
749.146057	1.522621
750.726685	1.522566
752.307251	1.522512
753.887634	1.522457
755.467896	1.522404
757.047974	1.52235
758.627991	1.522297
760.207825	1.522243
761.787476	1.52219
763.367065	1.522138
764.946411	1.522085
766.525635	1.522033
768.104736	1.521981
769.683655	1.52193
771.262451	1.521878
772.841064	1.521827
774.419556	1.521776
775.997925	1.521725
777.57605	1.521674
779.154114	1.521624
780.731995	1.521574
782.309692	1.521524
783.887268	1.521475
785.464661	1.521425
787.04187	1.521376
788.619019	1.521327
790.195923	1.521278
791.772705	1.52123
793.349304	1.521182
794.92572	1.521134
796.502075	1.521086
798.078186	1.521038
799.654114	1.520991
801.229858	1.520944
802.805542	1.520897
804.380981	1.52085
805.956299	1.520803
807.531372	1.520757
809.106384	1.520711
810.681152	1.520665
812.255798	1.520619
813.8302	1.520574
815.404541	1.520529
816.978638	1.520483
818.552551	1.520439
820.126343	1.520394
821.69989	1.52035
823.273315	1.520305
824.846558	1.520261
826.419617	1.520217
827.992493	1.520174
829.565247	1.52013
831.137695	1.520087
832.710083	1.520044
834.282227	1.520001
835.854187	1.519959
837.426086	1.519916
838.997681	1.519874
840.569153	1.519832
842.14032	1.51979
843.711426	1.519748
845.282349	1.519707
846.853027	1.519665
848.423523	1.519624
849.993835	1.519583
851.563965	1.519543
853.133911	1.519502
854.703735	1.519462
856.273254	1.519421
857.84259	1.519381
859.411804	1.519341
860.980774	1.519302
862.549622	1.519262
864.118164	1.519223
865.686646	1.519184
867.254761	1.519145
868.822876	1.519106
870.390625	1.519068
871.958191	1.519029
873.525696	1.518991
875.092896	1.518953
876.659851	1.518915
878.226685	1.518877
879.793335	1.518839
881.359741	1.518802
882.925964	1.518765
884.491882	1.518728
886.057739	1.518691
887.623352	1.518654
889.18866	1.518617
890.753906	1.518581
892.318848	1.518545
893.883606	1.518509
895.44812	1.518473
897.012512	1.518437
898.57666	1.518401
900.140503	1.518366
901.704285	1.51833
903.267761	1.518295
904.831055	1.51826
906.394165	1.518225
907.956909	1.518191
909.519653	1.518156
911.082031	1.518122
912.644226	1.518088
914.206177	1.518053
915.767944	1.518019
917.329468	1.517986
918.890808	1.517952
920.451965	1.517918
922.012817	1.517885
923.573425	1.517852
925.133911	1.517819
926.694031	1.517786
928.254028	1.517753
929.813782	1.517721
931.373352	1.517688
932.932617	1.517656
934.491699	1.517623
936.050598	1.517591
937.609192	1.51756
939.167603	1.517528
940.725708	1.517496
942.283569	1.517465
943.841309	1.517433
945.398743	1.517402
946.955933	1.517371
948.512878	1.51734
950.069641	1.517309
951.62616	1.517278
953.182434	1.517248
954.738464	1.517217
956.29425	1.517187
957.849792	1.517157
959.405151	1.517127
960.960266	1.517097
962.515015	1.517067
964.069641	1.517037
965.624023	1.517008
967.178101	1.516978
968.731934	1.516949
970.285522	1.51692
971.838989	1.516891
973.391968	1.516862
974.944946	1.516833
976.497559	1.516804
978.049927	1.516776
979.602051	1.516747
981.153931	1.516719
982.705444	1.516691
984.256836	1.516663
985.807983	1.516635
987.358887	1.516607
988.909485	1.516579
990.459778	1.516552
992.009888	1.516524
993.559753	1.516497
995.109253	1.516469
996.658569	1.516442
998.207703	1.516415
999.75647	1.516388
1011.723267	1.516184
1015.185913	1.516126
1018.648621	1.516068
1022.111328	1.516011
1025.573975	1.515955
1029.036865	1.515899
1032.499634	1.515844
1035.962402	1.515789
1039.425293	1.515734
1042.888184	1.51568
1046.351074	1.515626
1049.813965	1.515573
1053.276978	1.515521
1056.739868	1.515468
1060.202881	1.515417
1063.665771	1.515365
1067.128662	1.515315
1070.591675	1.515264
1074.054688	1.515214
1077.5177	1.515165
1080.980591	1.515115
1084.443604	1.515067
1087.906494	1.515018
1091.369507	1.514971
1094.832397	1.514923
1098.295288	1.514876
1101.758301	1.514829
1105.221191	1.514783
1108.684082	1.514737
1112.146851	1.514691
1115.609741	1.514646
1119.07251	1.514601
1122.535278	1.514557
1125.998047	1.514513
1129.460693	1.514469
1132.923462	1.514426
1136.385986	1.514383
1139.848633	1.51434
1143.311279	1.514298
1146.773682	1.514256
1150.236206	1.514215
1153.698608	1.514173
1157.160889	1.514132
1160.623291	1.514092
1164.085571	1.514052
1167.547729	1.514012
1171.009888	1.513972
1174.471924	1.513933
1177.93396	1.513894
1181.395996	1.513855
1184.857788	1.513817
1188.31958	1.513779
1191.781372	1.513741
1195.243042	1.513704
1198.704712	1.513666
1202.166138	1.51363
1205.627563	1.513593
1209.088989	1.513557
1212.550171	1.513521
1216.011353	1.513485
1219.472412	1.51345
1222.93335	1.513414
1226.394287	1.513379
1229.855225	1.513345
1233.315796	1.51331
1236.776489	1.513276
1240.236938	1.513243
1243.697266	1.513209
1247.157593	1.513176
1250.617798	1.513143
1254.077881	1.51311
1257.537842	1.513077
1260.997559	1.513045
1264.457275	1.513013
1267.91687	1.512981
1271.376343	1.512949
1274.835693	1.512918
1278.294922	1.512887
1281.754028	1.512856
1285.213013	1.512826
1288.671753	1.512795
1292.130493	1.512765
1295.588989	1.512735
1299.047363	1.512705
1302.505615	1.512676
1305.963745	1.512646
1309.421753	1.512617
1312.879639	1.512589
1316.337158	1.51256
1319.794678	1.512531
1323.252075	1.512503
1326.709229	1.512475
1330.16626	1.512447
1333.623291	1.51242
1337.079834	1.512392
1340.536377	1.512365
1343.99292	1.512338
1347.448975	1.512311
1350.905029	1.512285
1354.360962	1.512258
1357.81665	1.512232
1361.272095	1.512206
1364.727295	1.51218
1368.182495	1.512154
1371.637451	1.512129
1375.092163	1.512103
1378.546753	1.512078
1382.001221	1.512053
1385.455322	1.512028
1388.909302	1.512004
1392.363037	1.511979
1395.81665	1.511955
1399.27002	1.511931
1402.723145	1.511907
1406.176025	1.511883
1409.628784	1.511859
1413.081299	1.511836
1416.533691	1.511813
1419.985718	1.511789
1423.437622	1.511767
1426.889282	1.511744
1430.340698	1.511721
1433.79187	1.511698
1437.24292	1.511676
1440.693604	1.511654
1444.144165	1.511632
1447.594482	1.51161
1451.044434	1.511588
1454.494263	1.511567
1457.943726	1.511545
1461.393066	1.511524
1464.842163	1.511503
1468.291016	1.511482
1471.739502	1.511461
1475.187866	1.51144
1478.635986	1.511419
1482.08374	1.511399
1485.53125	1.511379
1488.978516	1.511358
1492.425537	1.511338
1495.872314	1.511318
1499.318726	1.511299
1502.764893	1.511279
1506.210938	1.511259
1509.656494	1.51124
1513.101929	1.511221
1516.547119	1.511202
1519.991943	1.511183
1523.436401	1.511164
1526.880615	1.511145
1530.324585	1.511126
1533.768311	1.511108
1537.21167	1.511089
1540.654785	1.511071
1544.097534	1.511053
1547.540039	1.511035
1550.982178	1.511017
1554.424072	1.510999
1557.865723	1.510981
1561.307007	1.510963
1564.747925	1.510946
1568.188721	1.510929
1571.629028	1.510911
1575.06897	1.510894
1578.508667	1.510877
1581.947998	1.51086
1585.387085	1.510843
1588.825928	1.510826
1592.264282	1.51081
1595.702393	1.510793
1599.140137	1.510777
1602.577515	1.51076
1606.014526	1.510744
1609.451294	1.510728
1612.887695	1.510712
1616.32373	1.510696
1619.759521	1.51068
1623.194824	1.510664
1626.629761	1.510649
1630.064453	1.510633
1633.498779	1.510618
1636.932739	1.510602
1640.366455	1.510587
1643.799561	1.510572
1647.232422	1.510557
1650.664795	1.510542
1654.097046	1.510527
1657.528687	1.510512
1660.960205	1.510498
1664.391235	1.510483
1667.821899	1.510468
1671.252197	1.510454
1674.682007	1.51044
1678.111572	1.510425
1681.540649	1.510411
1684.96936	1.510397
1688.397705	1.510383
