5.01317E-07	1.478989
5.02911E-07	1.47894
5.04504E-07	1.47889
5.06098E-07	1.47884
5.07691E-07	1.478788
5.09284E-07	1.478737
5.10878E-07	1.478684
5.12471E-07	1.478631
5.14064E-07	1.478577
5.15658E-07	1.478523
5.17251E-07	1.478468
5.18844E-07	1.478413
5.20437E-07	1.478356
5.2203E-07	1.4783
5.23623E-07	1.478243
5.25216E-07	1.478186
5.2681E-07	1.478128
5.28403E-07	1.47807
5.29996E-07	1.478011
5.31589E-07	1.477952
5.33181E-07	1.477892
5.34774E-07	1.477833
5.36367E-07	1.477773
5.3796E-07	1.477712
5.39553E-07	1.477651
5.41145E-07	1.477591
5.42738E-07	1.477529
5.44331E-07	1.477468
5.45923E-07	1.477406
5.47516E-07	1.477344
5.49108E-07	1.477282
5.50701E-07	1.47722
5.52293E-07	1.477157
5.53885E-07	1.477095
5.55478E-07	1.477032
5.5707E-07	1.476969
5.58662E-07	1.476906
5.60254E-07	1.476842
5.61846E-07	1.476779
5.63438E-07	1.476716
5.6503E-07	1.476652
5.66622E-07	1.476588
5.68214E-07	1.476525
5.69806E-07	1.476461
5.71398E-07	1.476397
5.7299E-07	1.476333
5.74581E-07	1.47627
5.76173E-07	1.476206
5.77764E-07	1.476142
5.79356E-07	1.476078
5.80947E-07	1.476014
5.82539E-07	1.47595
5.8413E-07	1.475886
5.85721E-07	1.475822
5.87312E-07	1.475758
5.88904E-07	1.475694
5.90495E-07	1.475631
5.92086E-07	1.475567
5.93677E-07	1.475503
5.95267E-07	1.475439
5.96858E-07	1.475376
5.98449E-07	1.475312
6.0004E-07	1.475249
6.0163E-07	1.475185
6.03221E-07	1.475122
6.04811E-07	1.475059
6.06401E-07	1.474996
6.07992E-07	1.474933
6.09582E-07	1.47487
6.11172E-07	1.474807
6.12762E-07	1.474744
6.14352E-07	1.474681
6.15942E-07	1.474619
6.17532E-07	1.474557
6.19122E-07	1.474494
6.20711E-07	1.474432
6.22301E-07	1.47437
6.23891E-07	1.474308
6.2548E-07	1.474247
6.27069E-07	1.474185
6.28659E-07	1.474123
6.30248E-07	1.474062
6.31837E-07	1.474001
6.33426E-07	1.47394
6.35015E-07	1.473879
6.36604E-07	1.473818
6.38193E-07	1.473758
6.39781E-07	1.473697
6.4137E-07	1.473637
6.42958E-07	1.473577
6.44547E-07	1.473517
6.46135E-07	1.473457
6.47723E-07	1.473398
6.49312E-07	1.473338
6.509E-07	1.473279
6.52488E-07	1.47322
6.54075E-07	1.473161
6.55663E-07	1.473102
6.57251E-07	1.473044
6.58839E-07	1.472985
6.60426E-07	1.472927
6.62013E-07	1.472869
6.63601E-07	1.472811
6.65188E-07	1.472754
6.66775E-07	1.472696
6.68362E-07	1.472639
6.69949E-07	1.472582
6.71536E-07	1.472525
6.73122E-07	1.472468
6.74709E-07	1.472412
6.76295E-07	1.472355
6.77882E-07	1.472299
6.79468E-07	1.472243
6.81054E-07	1.472187
6.8264E-07	1.472132
6.84226E-07	1.472076
6.85812E-07	1.472021
6.87397E-07	1.471966
6.88983E-07	1.471911
6.90569E-07	1.471857
6.92154E-07	1.471802
6.93739E-07	1.471748
6.95324E-07	1.471694
6.96909E-07	1.47164
6.98494E-07	1.471587
7.00079E-07	1.471533
7.01664E-07	1.47148
7.03248E-07	1.471427
7.04833E-07	1.471374
7.06417E-07	1.471321
7.08001E-07	1.471269
7.09585E-07	1.471217
7.11169E-07	1.471165
7.12753E-07	1.471113
7.14337E-07	1.471061
7.1592E-07	1.47101
7.17504E-07	1.470958
7.19087E-07	1.470907
7.20671E-07	1.470856
7.22254E-07	1.470806
7.23837E-07	1.470755
7.25419E-07	1.470705
7.27002E-07	1.470655
7.28585E-07	1.470605
7.30167E-07	1.470555
7.31749E-07	1.470506
7.33332E-07	1.470456
7.34914E-07	1.470407
7.36496E-07	1.470358
7.38077E-07	1.470309
7.39659E-07	1.470261
7.41241E-07	1.470213
7.42822E-07	1.470165
7.44403E-07	1.470116
7.45984E-07	1.470069
7.47565E-07	1.470021
7.49146E-07	1.469974
7.50727E-07	1.469927
7.52307E-07	1.46988
7.53888E-07	1.469833
7.55468E-07	1.469786
7.57048E-07	1.46974
7.58628E-07	1.469693
7.60208E-07	1.469647
7.61787E-07	1.469602
7.63367E-07	1.469556
7.64946E-07	1.46951
7.66526E-07	1.469465
7.68105E-07	1.46942
7.69684E-07	1.469375
7.71262E-07	1.46933
7.72841E-07	1.469286
7.7442E-07	1.469241
7.75998E-07	1.469197
7.77576E-07	1.469153
7.79154E-07	1.469109
7.80732E-07	1.469066
7.8231E-07	1.469022
7.83887E-07	1.468979
7.85465E-07	1.468936
7.87042E-07	1.468893
7.88619E-07	1.46885
7.90196E-07	1.468807
7.91773E-07	1.468765
7.93349E-07	1.468723
7.94926E-07	1.468681
7.96502E-07	1.468639
7.98078E-07	1.468597
7.99654E-07	1.468556
8.0123E-07	1.468514
8.02806E-07	1.468473
8.04381E-07	1.468432
8.05956E-07	1.468391
8.07531E-07	1.468351
8.09106E-07	1.46831
8.10681E-07	1.46827
8.12256E-07	1.46823
8.1383E-07	1.46819
8.15405E-07	1.46815
8.16979E-07	1.46811
8.18553E-07	1.468071
8.20126E-07	1.468031
8.217E-07	1.467992
8.23273E-07	1.467953
8.24847E-07	1.467914
8.2642E-07	1.467876
8.27992E-07	1.467837
8.29565E-07	1.467799
8.31138E-07	1.467761
8.3271E-07	1.467723
8.34282E-07	1.467685
8.35854E-07	1.467647
8.37426E-07	1.46761
8.38998E-07	1.467572
8.40569E-07	1.467535
8.4214E-07	1.467498
8.43711E-07	1.467461
8.45282E-07	1.467424
8.46853E-07	1.467388
8.48424E-07	1.467351
8.49994E-07	1.467315
8.51564E-07	1.467279
8.53134E-07	1.467243
8.54704E-07	1.467207
8.56273E-07	1.467172
8.57843E-07	1.467136
8.59412E-07	1.467101
8.60981E-07	1.467065
8.6255E-07	1.46703
8.64118E-07	1.466995
8.65687E-07	1.466961
8.67255E-07	1.466926
8.68823E-07	1.466891
8.70391E-07	1.466857
8.71958E-07	1.466823
8.73526E-07	1.466789
8.75093E-07	1.466755
8.7666E-07	1.466721
8.78227E-07	1.466688
8.79793E-07	1.466654
8.8136E-07	1.466621
8.82926E-07	1.466587
8.84492E-07	1.466554
8.86058E-07	1.466522
8.87623E-07	1.466489
8.89189E-07	1.466456
8.90754E-07	1.466424
8.92319E-07	1.466391
8.93884E-07	1.466359
8.95448E-07	1.466327
8.97013E-07	1.466295
8.98577E-07	1.466263
9.00141E-07	1.466231
9.01704E-07	1.4662
9.03268E-07	1.466168
9.04831E-07	1.466137
9.06394E-07	1.466106
9.07957E-07	1.466075
9.0952E-07	1.466044
9.11082E-07	1.466013
9.12644E-07	1.465982
9.14206E-07	1.465952
9.15768E-07	1.465921
9.17329E-07	1.465891
9.18891E-07	1.465861
9.20452E-07	1.465831
9.22013E-07	1.465801
9.23573E-07	1.465771
9.25134E-07	1.465742
9.26694E-07	1.465712
9.28254E-07	1.465683
9.29814E-07	1.465653
9.31373E-07	1.465624
9.32933E-07	1.465595
9.34492E-07	1.465566
9.36051E-07	1.465537
9.37609E-07	1.465509
9.39168E-07	1.46548
9.40726E-07	1.465452
9.42284E-07	1.465423
9.43841E-07	1.465395
9.45399E-07	1.465367
9.46956E-07	1.465339
9.48513E-07	1.465311
9.5007E-07	1.465283
9.51626E-07	1.465256
9.53182E-07	1.465228
9.54738E-07	1.465201
9.56294E-07	1.465173
9.5785E-07	1.465146
9.59405E-07	1.465119
9.6096E-07	1.465092
9.62515E-07	1.465065
9.6407E-07	1.465039
9.65624E-07	1.465012
9.67178E-07	1.464985
9.68732E-07	1.464959
9.70286E-07	1.464933
9.71839E-07	1.464906
9.73392E-07	1.46488
9.74945E-07	1.464854
9.76498E-07	1.464828
9.7805E-07	1.464803
9.79602E-07	1.464777
9.81154E-07	1.464751
9.82705E-07	1.464726
9.84257E-07	1.464701
9.85808E-07	1.464675
9.87359E-07	1.46465
9.88909E-07	1.464625
9.9046E-07	1.4646
9.9201E-07	1.464575
9.9356E-07	1.464551
9.95109E-07	1.464526
9.96659E-07	1.464501
9.98208E-07	1.464477
9.99756E-07	1.464453
1.01172E-06	1.464267
1.01519E-06	1.464215
1.01865E-06	1.464163
1.02211E-06	1.464111
1.02557E-06	1.46406
1.02904E-06	1.464009
1.0325E-06	1.463959
1.03596E-06	1.463909
1.03943E-06	1.463859
1.04289E-06	1.46381
1.04635E-06	1.463762
1.04981E-06	1.463713
1.05328E-06	1.463665
1.05674E-06	1.463618
1.0602E-06	1.463571
1.06367E-06	1.463524
1.06713E-06	1.463478
1.07059E-06	1.463432
1.07405E-06	1.463387
1.07752E-06	1.463341
1.08098E-06	1.463297
1.08444E-06	1.463252
1.08791E-06	1.463208
1.09137E-06	1.463165
1.09483E-06	1.463121
1.0983E-06	1.463078
1.10176E-06	1.463036
1.10522E-06	1.462993
1.10868E-06	1.462952
1.11215E-06	1.46291
1.11561E-06	1.462869
1.11907E-06	1.462828
1.12254E-06	1.462787
1.126E-06	1.462747
1.12946E-06	1.462707
1.13292E-06	1.462667
1.13639E-06	1.462628
1.13985E-06	1.462589
1.14331E-06	1.46255
1.14677E-06	1.462512
1.15024E-06	1.462474
1.1537E-06	1.462436
1.15716E-06	1.462399
1.16062E-06	1.462362
1.16409E-06	1.462325
1.16755E-06	1.462288
1.17101E-06	1.462252
1.17447E-06	1.462216
1.17793E-06	1.46218
1.1814E-06	1.462145
1.18486E-06	1.46211
1.18832E-06	1.462075
1.19178E-06	1.46204
1.19524E-06	1.462006
1.1987E-06	1.461972
1.20217E-06	1.461938
1.20563E-06	1.461904
1.20909E-06	1.461871
1.21255E-06	1.461838
1.21601E-06	1.461805
1.21947E-06	1.461772
1.22293E-06	1.46174
1.22639E-06	1.461708
1.22986E-06	1.461676
1.23332E-06	1.461645
1.23678E-06	1.461613
1.24024E-06	1.461582
1.2437E-06	1.461551
1.24716E-06	1.461521
1.25062E-06	1.46149
1.25408E-06	1.46146
1.25754E-06	1.46143
1.261E-06	1.4614
1.26446E-06	1.461371
1.26792E-06	1.461342
1.27138E-06	1.461313
1.27484E-06	1.461284
1.27829E-06	1.461255
1.28175E-06	1.461227
1.28521E-06	1.461198
1.28867E-06	1.46117
1.29213E-06	1.461143
1.29559E-06	1.461115
1.29905E-06	1.461088
1.30251E-06	1.46106
1.30596E-06	1.461033
1.30942E-06	1.461007
1.31288E-06	1.46098
1.31634E-06	1.460953
1.31979E-06	1.460927
1.32325E-06	1.460901
1.32671E-06	1.460875
1.33017E-06	1.46085
1.33362E-06	1.460824
1.33708E-06	1.460799
1.34054E-06	1.460774
1.34399E-06	1.460749
1.34745E-06	1.460724
1.35091E-06	1.460699
1.35436E-06	1.460675
1.35782E-06	1.460651
1.36127E-06	1.460627
1.36473E-06	1.460603
1.36818E-06	1.460579
1.37164E-06	1.460555
1.37509E-06	1.460532
1.37855E-06	1.460509
1.382E-06	1.460486
1.38546E-06	1.460463
1.38891E-06	1.46044
1.39236E-06	1.460417
1.39582E-06	1.460395
1.39927E-06	1.460372
1.40272E-06	1.46035
1.40618E-06	1.460328
1.40963E-06	1.460306
1.41308E-06	1.460285
1.41653E-06	1.460263
1.41999E-06	1.460242
1.42344E-06	1.46022
1.42689E-06	1.460199
1.43034E-06	1.460178
1.43379E-06	1.460158
1.43724E-06	1.460137
1.44069E-06	1.460116
1.44414E-06	1.460096
1.44759E-06	1.460076
1.45104E-06	1.460055
1.45449E-06	1.460035
1.45794E-06	1.460016
1.46139E-06	1.459996
1.46484E-06	1.459976
1.46829E-06	1.459957
1.47174E-06	1.459937
1.47519E-06	1.459918
1.47864E-06	1.459899
1.48208E-06	1.45988
1.48553E-06	1.459861
1.48898E-06	1.459843
1.49243E-06	1.459824
1.49587E-06	1.459805
1.49932E-06	1.459787
1.50276E-06	1.459769
1.50621E-06	1.459751
1.50966E-06	1.459733
1.5131E-06	1.459715
1.51655E-06	1.459697
1.51999E-06	1.459679
1.52344E-06	1.459662
1.52688E-06	1.459644
1.53032E-06	1.459627
1.53377E-06	1.45961
1.53721E-06	1.459593
1.54065E-06	1.459576
1.5441E-06	1.459559
1.54754E-06	1.459542
1.55098E-06	1.459525
1.55442E-06	1.459509
1.55787E-06	1.459492
1.56131E-06	1.459476
1.56475E-06	1.45946
1.56819E-06	1.459444
1.57163E-06	1.459428
1.57507E-06	1.459412
1.57851E-06	1.459396
1.58195E-06	1.45938
1.58539E-06	1.459364
1.58883E-06	1.459349
1.59226E-06	1.459333
1.5957E-06	1.459318
1.59914E-06	1.459303
1.60258E-06	1.459288
1.60601E-06	1.459273
1.60945E-06	1.459257
1.61289E-06	1.459243
1.61632E-06	1.459228
1.61976E-06	1.459213
1.62319E-06	1.459198
1.62663E-06	1.459184
1.63006E-06	1.459169
1.6335E-06	1.459155
1.63693E-06	1.459141
1.64037E-06	1.459127
1.6438E-06	1.459112
1.64723E-06	1.459098
1.65066E-06	1.459085
1.6541E-06	1.459071
1.65753E-06	1.459057
1.66096E-06	1.459043
1.66439E-06	1.45903
1.66782E-06	1.459016
1.67125E-06	1.459003
1.67468E-06	1.458989
1.67811E-06	1.458976
1.68154E-06	1.458963
1.68497E-06	1.45895
1.6884E-06	1.458937
