4.9813E-07	1.478239
4.99724E-07	1.478198
5.01317E-07	1.478156
5.02911E-07	1.478114
5.04504E-07	1.47807
5.06098E-07	1.478025
5.07691E-07	1.47798
5.09284E-07	1.477933
5.10878E-07	1.477886
5.12471E-07	1.477838
5.14064E-07	1.47779
5.15658E-07	1.477741
5.17251E-07	1.477691
5.18844E-07	1.47764
5.20437E-07	1.477589
5.2203E-07	1.477537
5.23623E-07	1.477485
5.25216E-07	1.477432
5.2681E-07	1.477379
5.28403E-07	1.477325
5.29996E-07	1.47727
5.31589E-07	1.477215
5.33181E-07	1.47716
5.34774E-07	1.477104
5.36367E-07	1.477048
5.3796E-07	1.476992
5.39553E-07	1.476935
5.41145E-07	1.476878
5.42738E-07	1.47682
5.44331E-07	1.476762
5.45923E-07	1.476704
5.47516E-07	1.476645
5.49108E-07	1.476587
5.50701E-07	1.476528
5.52293E-07	1.476468
5.53885E-07	1.476409
5.55478E-07	1.476349
5.5707E-07	1.476289
5.58662E-07	1.476229
5.60254E-07	1.476169
5.61846E-07	1.476108
5.63438E-07	1.476048
5.6503E-07	1.475987
5.66622E-07	1.475926
5.68214E-07	1.475865
5.69806E-07	1.475804
5.71398E-07	1.475742
5.7299E-07	1.475681
5.74581E-07	1.47562
5.76173E-07	1.475558
5.77764E-07	1.475497
5.79356E-07	1.475435
5.80947E-07	1.475373
5.82539E-07	1.475312
5.8413E-07	1.47525
5.85721E-07	1.475188
5.87312E-07	1.475126
5.88904E-07	1.475064
5.90495E-07	1.475003
5.92086E-07	1.474941
5.93677E-07	1.474879
5.95267E-07	1.474817
5.96858E-07	1.474756
5.98449E-07	1.474694
6.0004E-07	1.474632
6.0163E-07	1.47457
6.03221E-07	1.474509
6.04811E-07	1.474447
6.06401E-07	1.474386
6.07992E-07	1.474324
6.09582E-07	1.474263
6.11172E-07	1.474202
6.12762E-07	1.47414
6.14352E-07	1.474079
6.15942E-07	1.474018
6.17532E-07	1.473957
6.19122E-07	1.473896
6.20711E-07	1.473835
6.22301E-07	1.473775
6.23891E-07	1.473714
6.2548E-07	1.473654
6.27069E-07	1.473593
6.28659E-07	1.473533
6.30248E-07	1.473473
6.31837E-07	1.473413
6.33426E-07	1.473353
6.35015E-07	1.473293
6.36604E-07	1.473234
6.38193E-07	1.473174
6.39781E-07	1.473115
6.4137E-07	1.473055
6.42958E-07	1.472996
6.44547E-07	1.472937
6.46135E-07	1.472879
6.47723E-07	1.47282
6.49312E-07	1.472761
6.509E-07	1.472703
6.52488E-07	1.472645
6.54075E-07	1.472587
6.55663E-07	1.472529
6.57251E-07	1.472471
6.58839E-07	1.472414
6.60426E-07	1.472356
6.62013E-07	1.472299
6.63601E-07	1.472242
6.65188E-07	1.472185
6.66775E-07	1.472128
6.68362E-07	1.472072
6.69949E-07	1.472015
6.71536E-07	1.471959
6.73122E-07	1.471903
6.74709E-07	1.471847
6.76295E-07	1.471791
6.77882E-07	1.471736
6.79468E-07	1.47168
6.81054E-07	1.471625
6.8264E-07	1.47157
6.84226E-07	1.471515
6.85812E-07	1.471461
6.87397E-07	1.471406
6.88983E-07	1.471352
6.90569E-07	1.471298
6.92154E-07	1.471244
6.93739E-07	1.47119
6.95324E-07	1.471136
6.96909E-07	1.471083
6.98494E-07	1.47103
7.00079E-07	1.470977
7.01664E-07	1.470924
7.03248E-07	1.470871
7.04833E-07	1.470819
7.06417E-07	1.470767
7.08001E-07	1.470714
7.09585E-07	1.470663
7.11169E-07	1.470611
7.12753E-07	1.470559
7.14337E-07	1.470508
7.1592E-07	1.470457
7.17504E-07	1.470406
7.19087E-07	1.470355
7.20671E-07	1.470304
7.22254E-07	1.470254
7.23837E-07	1.470204
7.25419E-07	1.470154
7.27002E-07	1.470104
7.28585E-07	1.470054
7.30167E-07	1.470005
7.31749E-07	1.469956
7.33332E-07	1.469906
7.34914E-07	1.469858
7.36496E-07	1.469809
7.38077E-07	1.46976
7.39659E-07	1.469712
7.41241E-07	1.469664
7.42822E-07	1.469616
7.44403E-07	1.469568
7.45984E-07	1.46952
7.47565E-07	1.469473
7.49146E-07	1.469426
7.50727E-07	1.469379
7.52307E-07	1.469332
7.53888E-07	1.469285
7.55468E-07	1.469239
7.57048E-07	1.469192
7.58628E-07	1.469146
7.60208E-07	1.4691
7.61787E-07	1.469054
7.63367E-07	1.469009
7.64946E-07	1.468963
7.66526E-07	1.468918
7.68105E-07	1.468873
7.69684E-07	1.468828
7.71262E-07	1.468783
7.72841E-07	1.468739
7.7442E-07	1.468695
7.75998E-07	1.468651
7.77576E-07	1.468607
7.79154E-07	1.468563
7.80732E-07	1.468519
7.8231E-07	1.468476
7.83887E-07	1.468432
7.85465E-07	1.468389
7.87042E-07	1.468346
7.88619E-07	1.468304
7.90196E-07	1.468261
7.91773E-07	1.468219
7.93349E-07	1.468176
7.94926E-07	1.468134
7.96502E-07	1.468093
7.98078E-07	1.468051
7.99654E-07	1.468009
8.0123E-07	1.467968
8.02806E-07	1.467927
8.04381E-07	1.467886
8.05956E-07	1.467845
8.07531E-07	1.467804
8.09106E-07	1.467764
8.10681E-07	1.467723
8.12256E-07	1.467683
8.1383E-07	1.467643
8.15405E-07	1.467603
8.16979E-07	1.467563
8.18553E-07	1.467524
8.20126E-07	1.467484
8.217E-07	1.467445
8.23273E-07	1.467406
8.24847E-07	1.467367
8.2642E-07	1.467329
8.27992E-07	1.46729
8.29565E-07	1.467252
8.31138E-07	1.467213
8.3271E-07	1.467175
8.34282E-07	1.467137
8.35854E-07	1.4671
8.37426E-07	1.467062
8.38998E-07	1.467025
8.40569E-07	1.466987
8.4214E-07	1.46695
8.43711E-07	1.466913
8.45282E-07	1.466876
8.46853E-07	1.46684
8.48424E-07	1.466803
8.49994E-07	1.466767
8.51564E-07	1.46673
8.53134E-07	1.466694
8.54704E-07	1.466658
8.56273E-07	1.466623
8.57843E-07	1.466587
8.59412E-07	1.466551
8.60981E-07	1.466516
8.6255E-07	1.466481
8.64118E-07	1.466446
8.65687E-07	1.466411
8.67255E-07	1.466376
8.68823E-07	1.466341
8.70391E-07	1.466307
8.71958E-07	1.466273
8.73526E-07	1.466238
8.75093E-07	1.466204
8.7666E-07	1.466171
8.78227E-07	1.466137
8.79793E-07	1.466103
8.8136E-07	1.46607
8.82926E-07	1.466036
8.84492E-07	1.466003
8.86058E-07	1.46597
8.87623E-07	1.465937
8.89189E-07	1.465904
8.90754E-07	1.465872
8.92319E-07	1.465839
8.93884E-07	1.465807
8.95448E-07	1.465774
8.97013E-07	1.465742
8.98577E-07	1.46571
9.00141E-07	1.465678
9.01704E-07	1.465647
9.03268E-07	1.465615
9.04831E-07	1.465584
9.06394E-07	1.465552
9.07957E-07	1.465521
9.0952E-07	1.46549
9.11082E-07	1.465459
9.12644E-07	1.465428
9.14206E-07	1.465398
9.15768E-07	1.465367
9.17329E-07	1.465337
9.18891E-07	1.465306
9.20452E-07	1.465276
9.22013E-07	1.465246
9.23573E-07	1.465216
9.25134E-07	1.465186
9.26694E-07	1.465156
9.28254E-07	1.465127
9.29814E-07	1.465097
9.31373E-07	1.465068
9.32933E-07	1.465039
9.34492E-07	1.46501
9.36051E-07	1.464981
9.37609E-07	1.464952
9.39168E-07	1.464923
9.40726E-07	1.464895
9.42284E-07	1.464866
9.43841E-07	1.464838
9.45399E-07	1.464809
9.46956E-07	1.464781
9.48513E-07	1.464753
9.5007E-07	1.464725
9.51626E-07	1.464697
9.53182E-07	1.46467
9.54738E-07	1.464642
9.56294E-07	1.464615
9.5785E-07	1.464587
9.59405E-07	1.46456
9.6096E-07	1.464533
9.62515E-07	1.464506
9.6407E-07	1.464479
9.65624E-07	1.464452
9.67178E-07	1.464425
9.68732E-07	1.464399
9.70286E-07	1.464372
9.71839E-07	1.464346
9.73392E-07	1.46432
9.74945E-07	1.464293
9.76498E-07	1.464267
9.7805E-07	1.464241
9.79602E-07	1.464216
9.81154E-07	1.46419
9.82705E-07	1.464164
9.84257E-07	1.464139
9.85808E-07	1.464113
9.87359E-07	1.464088
9.88909E-07	1.464062
9.9046E-07	1.464037
9.9201E-07	1.464012
9.9356E-07	1.463987
9.95109E-07	1.463963
9.96659E-07	1.463938
9.98208E-07	1.463913
9.99756E-07	1.463889
1.01172E-06	1.463702
1.01519E-06	1.463649
1.01865E-06	1.463597
1.02211E-06	1.463544
1.02557E-06	1.463493
1.02904E-06	1.463442
1.0325E-06	1.463391
1.03596E-06	1.463341
1.03943E-06	1.463291
1.04289E-06	1.463241
1.04635E-06	1.463192
1.04981E-06	1.463143
1.05328E-06	1.463095
1.05674E-06	1.463047
1.0602E-06	1.463
1.06367E-06	1.462953
1.06713E-06	1.462906
1.07059E-06	1.46286
1.07405E-06	1.462814
1.07752E-06	1.462768
1.08098E-06	1.462723
1.08444E-06	1.462678
1.08791E-06	1.462634
1.09137E-06	1.46259
1.09483E-06	1.462546
1.0983E-06	1.462503
1.10176E-06	1.46246
1.10522E-06	1.462417
1.10868E-06	1.462375
1.11215E-06	1.462333
1.11561E-06	1.462291
1.11907E-06	1.46225
1.12254E-06	1.462209
1.126E-06	1.462168
1.12946E-06	1.462128
1.13292E-06	1.462088
1.13639E-06	1.462048
1.13985E-06	1.462009
1.14331E-06	1.46197
1.14677E-06	1.461931
1.15024E-06	1.461892
1.1537E-06	1.461854
1.15716E-06	1.461817
1.16062E-06	1.461779
1.16409E-06	1.461742
1.16755E-06	1.461705
1.17101E-06	1.461668
1.17447E-06	1.461632
1.17793E-06	1.461596
1.1814E-06	1.46156
1.18486E-06	1.461524
1.18832E-06	1.461489
1.19178E-06	1.461454
1.19524E-06	1.461419
1.1987E-06	1.461385
1.20217E-06	1.461351
1.20563E-06	1.461317
1.20909E-06	1.461283
1.21255E-06	1.46125
1.21601E-06	1.461216
1.21947E-06	1.461184
1.22293E-06	1.461151
1.22639E-06	1.461118
1.22986E-06	1.461086
1.23332E-06	1.461054
1.23678E-06	1.461023
1.24024E-06	1.460991
1.2437E-06	1.46096
1.24716E-06	1.460929
1.25062E-06	1.460898
1.25408E-06	1.460868
1.25754E-06	1.460837
1.261E-06	1.460807
1.26446E-06	1.460778
1.26792E-06	1.460748
1.27138E-06	1.460719
1.27484E-06	1.460689
1.27829E-06	1.46066
1.28175E-06	1.460632
1.28521E-06	1.460603
1.28867E-06	1.460575
1.29213E-06	1.460547
1.29559E-06	1.460519
1.29905E-06	1.460491
1.30251E-06	1.460463
1.30596E-06	1.460436
1.30942E-06	1.460409
1.31288E-06	1.460382
1.31634E-06	1.460355
1.31979E-06	1.460329
1.32325E-06	1.460302
1.32671E-06	1.460276
1.33017E-06	1.46025
1.33362E-06	1.460224
1.33708E-06	1.460199
1.34054E-06	1.460173
1.34399E-06	1.460148
1.34745E-06	1.460123
1.35091E-06	1.460098
1.35436E-06	1.460073
1.35782E-06	1.460049
1.36127E-06	1.460024
1.36473E-06	1.46
1.36818E-06	1.459976
1.37164E-06	1.459952
1.37509E-06	1.459929
1.37855E-06	1.459905
1.382E-06	1.459882
1.38546E-06	1.459859
1.38891E-06	1.459836
1.39236E-06	1.459813
1.39582E-06	1.45979
1.39927E-06	1.459767
1.40272E-06	1.459745
1.40618E-06	1.459723
1.40963E-06	1.4597
1.41308E-06	1.459679
1.41653E-06	1.459657
1.41999E-06	1.459635
1.42344E-06	1.459613
1.42689E-06	1.459592
1.43034E-06	1.459571
1.43379E-06	1.45955
1.43724E-06	1.459529
1.44069E-06	1.459508
1.44414E-06	1.459487
1.44759E-06	1.459467
1.45104E-06	1.459446
1.45449E-06	1.459426
1.45794E-06	1.459406
1.46139E-06	1.459386
1.46484E-06	1.459366
1.46829E-06	1.459346
1.47174E-06	1.459327
1.47519E-06	1.459307
1.47864E-06	1.459288
1.48208E-06	1.459269
1.48553E-06	1.45925
1.48898E-06	1.459231
1.49243E-06	1.459212
1.49587E-06	1.459193
1.49932E-06	1.459175
1.50276E-06	1.459156
1.50621E-06	1.459138
1.50966E-06	1.45912
1.5131E-06	1.459101
1.51655E-06	1.459083
1.51999E-06	1.459065
1.52344E-06	1.459048
1.52688E-06	1.45903
1.53032E-06	1.459013
1.53377E-06	1.458995
1.53721E-06	1.458978
1.54065E-06	1.458961
1.5441E-06	1.458943
1.54754E-06	1.458926
1.55098E-06	1.45891
1.55442E-06	1.458893
1.55787E-06	1.458876
1.56131E-06	1.458859
1.56475E-06	1.458843
1.56819E-06	1.458827
1.57163E-06	1.45881
1.57507E-06	1.458794
1.57851E-06	1.458778
1.58195E-06	1.458762
1.58539E-06	1.458746
1.58883E-06	1.458731
1.59226E-06	1.458715
1.5957E-06	1.458699
1.59914E-06	1.458684
1.60258E-06	1.458668
1.60601E-06	1.458653
1.60945E-06	1.458638
1.61289E-06	1.458623
1.61632E-06	1.458608
1.61976E-06	1.458593
1.62319E-06	1.458578
1.62663E-06	1.458563
1.63006E-06	1.458549
1.6335E-06	1.458534
1.63693E-06	1.45852
1.64037E-06	1.458505
1.6438E-06	1.458491
1.64723E-06	1.458477
1.65066E-06	1.458463
1.6541E-06	1.458449
1.65753E-06	1.458435
1.66096E-06	1.458421
1.66439E-06	1.458407
1.66782E-06	1.458393
1.67125E-06	1.45838
1.67468E-06	1.458366
1.67811E-06	1.458353
1.68154E-06	1.458339
