
191.078323	1.57653
192.662064	1.574093
194.245926	1.571728
195.82991	1.56943
197.414017	1.567199
198.998245	1.56503
200.582596	1.562922
202.167068	1.560873
203.751648	1.55888
205.336349	1.556942
206.921173	1.555055
208.506104	1.55322
210.091156	1.551433
211.676315	1.549692
213.261597	1.547997
214.847	1.546346
216.432495	1.544737
218.018112	1.543169
219.603836	1.54164
221.189667	1.540149
222.775635	1.538695
224.361664	1.537277
225.947845	1.535893
227.534103	1.534543
229.120483	1.533224
230.706985	1.531937
232.293549	1.53068
233.880249	1.529453
235.467041	1.528254
237.053925	1.527082
238.640945	1.525937
240.228058	1.524818
241.815231	1.523723
243.402542	1.522654
244.989944	1.521607
246.577438	1.520584
248.165039	1.519583
249.752716	1.518603
251.3405	1.517645
252.928391	1.516707
254.516357	1.515788
256.104431	1.514889
257.692596	1.514009
259.280853	1.513146
260.869202	1.512302
262.457642	1.511474
264.046173	1.510663
265.634766	1.509869
267.22348	1.50909
268.812286	1.508327
270.401154	1.507578
271.990112	1.506845
273.579163	1.506125
275.168274	1.50542
276.757507	1.504727
278.346832	1.504048
279.936218	1.503382
281.525665	1.502729
283.115204	1.502087
284.704834	1.501457
286.294525	1.500839
287.884338	1.500233
289.474182	1.499637
291.064117	1.499052
292.654114	1.498477
294.244202	1.497913
295.834412	1.497359
297.424622	1.496814
299.014954	1.496279
300.605316	1.495753
302.19577	1.495237
303.786316	1.494729
305.376892	1.49423
306.96759	1.493739
308.558289	1.493257
310.149109	1.492783
311.73999	1.492316
313.330902	1.491858
314.921936	1.491407
316.513	1.490963
318.104126	1.490527
319.695313	1.490098
321.28656	1.489675
322.877899	1.489259
324.469299	1.48885
326.06073	1.488448
327.652222	1.488052
329.243774	1.487662
330.835388	1.487278
332.427063	1.4869
334.018799	1.486528
335.610596	1.486162
337.202454	1.485801
338.794342	1.485445
340.386292	1.485096
341.978302	1.484751
343.570374	1.484411
345.162476	1.484077
346.754639	1.483747
348.346832	1.483423
349.939087	1.483103
351.531403	1.482787
353.123749	1.482477
354.716156	1.482171
356.308624	1.481869
357.901093	1.481571
359.493652	1.481278
361.086243	1.480989
362.678864	1.480704
364.271515	1.480423
365.864227	1.480146
367.45697	1.479872
369.049774	1.479603
370.642609	1.479337
372.235474	1.479075
373.828369	1.478816
375.421326	1.478561
377.014313	1.47831
378.60733	1.478061
380.200378	1.477816
381.793457	1.477575
383.386566	1.477336
384.979706	1.477101
386.572906	1.476869
388.166107	1.476639
389.759338	1.476413
391.352631	1.47619
392.945953	1.475969
394.539276	1.475752
396.132629	1.475537
397.726013	1.475325
399.319427	1.475115
400.912872	1.474909
402.506317	1.474705
404.099792	1.474503
405.693298	1.474304
407.286835	1.474107
408.880402	1.473913
410.473969	1.473721
412.067566	1.473532
413.661194	1.473344
415.254791	1.47316
416.84845	1.472977
418.442078	1.472796
420.035797	1.472618
421.629486	1.472442
423.223206	1.472268
424.816895	1.472096
426.410645	1.471926
428.004395	1.471758
429.598145	1.471592
431.191956	1.471428
432.785706	1.471266
434.379486	1.471105
435.973297	1.470947
437.567078	1.47079
439.16095	1.470635
440.75473	1.470482
442.348541	1.470331
443.942383	1.470181
445.536224	1.470033
447.130066	1.469887
448.723938	1.469742
450.317719	1.469599
451.91156	1.469458
453.505432	1.469318
455.099274	1.469179
456.693115	1.469042
458.286957	1.468907
459.880798	1.468773
461.474609	1.468641
463.068451	1.46851
464.662292	1.46838
466.256104	1.468252
467.849915	1.468125
469.443695	1.467999
471.037506	1.467875
472.631287	1.467752
474.225098	1.467631
475.818848	1.46751
477.412598	1.467391
479.006348	1.467274
480.600098	1.467157
482.193787	1.467042
483.787506	1.466928
485.381195	1.466815
486.974915	1.466703
488.568542	1.466592
490.162201	1.466482
491.755798	1.466374
493.349426	1.466267
494.943024	1.46616
496.53656	1.466055
498.130127	1.465951
499.723633	1.465848
501.317139	1.465745
502.910645	1.465644
504.504089	1.465544
506.097504	1.465445
507.690918	1.465347
509.284332	1.46525
510.877625	1.465153
512.471008	1.465058
514.064331	1.464964
515.657593	1.46487
517.250793	1.464777
518.843994	1.464686
520.437134	1.464595
522.030334	1.464505
523.623413	1.464416
525.216492	1.464327
526.80957	1.46424
528.402588	1.464153
529.995544	1.464068
531.588501	1.463983
533.181396	1.463898
534.774231	1.463815
536.367065	1.463732
537.959839	1.46365
539.552612	1.463569
541.145325	1.463489
542.737915	1.463409
544.330566	1.46333
545.923157	1.463252
547.515686	1.463174
549.108154	1.463097
550.700562	1.463021
552.29303	1.462946
553.885376	1.462871
555.477661	1.462797
557.069885	1.462723
558.662109	1.46265
560.254272	1.462578
561.846313	1.462507
563.438354	1.462436
565.030396	1.462365
566.622314	1.462296
568.214233	1.462227
569.80603	1.462158
571.397827	1.46209
572.989563	1.462023
574.581238	1.461956
576.172852	1.46189
577.764404	1.461824
579.355835	1.461759
580.947327	1.461695
582.538696	1.461631
584.130005	1.461568
585.721252	1.461505
587.312378	1.461442
588.903564	1.46138
590.494568	1.461319
592.085571	1.461258
593.676514	1.461198
595.267395	1.461138
596.858154	1.461079
598.448853	1.46102
600.039551	1.460962
601.630127	1.460904
603.220642	1.460847
604.811096	1.46079
606.401489	1.460733
607.99176	1.460677
609.58197	1.460622
611.172119	1.460567
612.762207	1.460512
614.352173	1.460458
615.942139	1.460404
617.531982	1.460351
619.121704	1.460298
620.711426	1.460245
622.301086	1.460193
623.890564	1.460142
625.480042	1.46009
627.069397	1.46004
628.658691	1.459989
630.247925	1.459939
631.837036	1.459889
633.426025	1.45984
635.015015	1.459791
636.603882	1.459743
638.192627	1.459695
639.781311	1.459647
641.369934	1.459599
642.958435	1.459552
644.546814	1.459505
646.135132	1.459459
647.72345	1.459413
649.311584	1.459368
650.899597	1.459322
652.48761	1.459277
654.075439	1.459233
655.663208	1.459188
657.250854	1.459144
658.838501	1.459101
660.425903	1.459057
662.013306	1.459014
663.600586	1.458972
665.187805	1.458929
666.774841	1.458887
668.361877	1.458846
669.94873	1.458804
671.535522	1.458763
673.122192	1.458722
674.70874	1.458682
676.295227	1.458642
677.881531	1.458602
679.467834	1.458562
681.053955	1.458523
682.640015	1.458483
684.225952	1.458445
685.811707	1.458406
687.397461	1.458368
688.983032	1.45833
690.568542	1.458292
692.153931	1.458255
693.739136	1.458218
695.324341	1.458181
696.909302	1.458144
698.494263	1.458108
700.079041	1.458071
701.663696	1.458036
703.248291	1.458
704.832764	1.457965
706.417114	1.457929
708.001282	1.457894
709.585327	1.45786
711.169312	1.457825
712.753174	1.457791
714.336853	1.457757
715.920471	1.457723
717.503967	1.45769
719.08728	1.457657
720.670532	1.457624
722.253601	1.457591
723.836548	1.457558
725.419373	1.457526
727.002075	1.457494
728.584656	1.457462
730.167114	1.45743
731.749451	1.457399
733.331665	1.457367
734.913696	1.457336
736.495605	1.457305
738.077393	1.457275
739.659058	1.457244
741.24054	1.457214
742.821899	1.457184
744.403198	1.457154
745.984253	1.457124
747.565247	1.457095
749.146057	1.457065
750.726685	1.457036
752.307251	1.457007
753.887634	1.456979
755.467896	1.45695
757.047974	1.456922
758.627991	1.456894
760.207825	1.456866
761.787476	1.456838
763.367065	1.45681
764.946411	1.456783
766.525635	1.456755
768.104736	1.456728
769.683655	1.456701
771.262451	1.456675
772.841064	1.456648
774.419556	1.456622
775.997925	1.456595
777.57605	1.456569
779.154114	1.456543
780.731995	1.456517
782.309692	1.456492
783.887268	1.456466
785.464661	1.456441
787.04187	1.456416
788.619019	1.456391
790.195923	1.456366
791.772705	1.456342
793.349304	1.456317
794.92572	1.456293
796.502075	1.456268
798.078186	1.456244
799.654114	1.45622
801.229858	1.456197
802.805542	1.456173
804.380981	1.456149
805.956299	1.456126
807.531372	1.456103
809.106384	1.45608
810.681152	1.456057
812.255798	1.456034
813.8302	1.456011
815.404541	1.455989
816.978638	1.455967
818.552551	1.455944
820.126343	1.455922
821.69989	1.4559
823.273315	1.455878
824.846558	1.455857
826.419617	1.455835
827.992493	1.455814
829.565247	1.455792
831.137695	1.455771
832.710083	1.45575
834.282227	1.455729
835.854187	1.455708
837.426086	1.455687
838.997681	1.455667
840.569153	1.455646
842.14032	1.455626
843.711426	1.455606
845.282349	1.455585
846.853027	1.455565
848.423523	1.455546
849.993835	1.455526
851.563965	1.455506
853.133911	1.455486
854.703735	1.455467
856.273254	1.455448
857.84259	1.455428
859.411804	1.455409
860.980774	1.45539
862.549622	1.455371
864.118164	1.455353
865.686646	1.455334
867.254761	1.455315
868.822876	1.455297
870.390625	1.455278
871.958191	1.45526
873.525696	1.455242
875.092896	1.455224
876.659851	1.455206
878.226685	1.455188
879.793335	1.45517
881.359741	1.455153
882.925964	1.455135
884.491882	1.455117
886.057739	1.4551
887.623352	1.455083
889.18866	1.455066
890.753906	1.455049
892.318848	1.455032
893.883606	1.455015
895.44812	1.454998
897.012512	1.454981
898.57666	1.454964
900.140503	1.454948
901.704285	1.454931
903.267761	1.454915
904.831055	1.454899
906.394165	1.454883
907.956909	1.454866
909.519653	1.45485
911.082031	1.454834
912.644226	1.454819
914.206177	1.454803
915.767944	1.454787
917.329468	1.454772
918.890808	1.454756
920.451965	1.454741
922.012817	1.454725
923.573425	1.45471
925.133911	1.454695
926.694031	1.45468
928.254028	1.454665
929.813782	1.45465
931.373352	1.454635
932.932617	1.45462
934.491699	1.454605
936.050598	1.454591
937.609192	1.454576
939.167603	1.454561
940.725708	1.454547
942.283569	1.454533
943.841309	1.454518
945.398743	1.454504
946.955933	1.45449
948.512878	1.454476
950.069641	1.454462
951.62616	1.454448
953.182434	1.454434
954.738464	1.45442
956.29425	1.454407
957.849792	1.454393
959.405151	1.45438
960.960266	1.454366
962.515015	1.454353
964.069641	1.454339
965.624023	1.454326
967.178101	1.454313
968.731934	1.4543
970.285522	1.454287
971.838989	1.454274
973.391968	1.454261
974.944946	1.454248
976.497559	1.454235
978.049927	1.454222
979.602051	1.454209
981.153931	1.454197
982.705444	1.454184
984.256836	1.454172
985.807983	1.454159
987.358887	1.454147
988.909485	1.454134
990.459778	1.454122
992.009888	1.45411
993.559753	1.454098
995.109253	1.454086
996.658569	1.454074
998.207703	1.454062
999.75647	1.45405
1011.723267	1.45396
1015.185913	1.453934
1018.648621	1.453909
1022.111328	1.453884
1025.573975	1.453859
1029.036865	1.453835
1032.499634	1.45381
1035.962402	1.453786
1039.425293	1.453763
1042.888184	1.453739
1046.351074	1.453716
1049.813965	1.453693
1053.276978	1.45367
1056.739868	1.453647
1060.202881	1.453625
1063.665771	1.453603
1067.128662	1.453581
1070.591675	1.453559
1074.054688	1.453538
1077.5177	1.453516
1080.980591	1.453495
1084.443604	1.453475
1087.906494	1.453454
1091.369507	1.453433
1094.832397	1.453413
1098.295288	1.453393
1101.758301	1.453373
1105.221191	1.453353
1108.684082	1.453334
1112.146851	1.453314
1115.609741	1.453295
1119.07251	1.453276
1122.535278	1.453258
1125.998047	1.453239
1129.460693	1.45322
1132.923462	1.453202
1136.385986	1.453184
1139.848633	1.453166
1143.311279	1.453148
1146.773682	1.453131
1150.236206	1.453113
1153.698608	1.453096
1157.160889	1.453079
1160.623291	1.453062
1164.085571	1.453045
1167.547729	1.453028
1171.009888	1.453012
1174.471924	1.452995
1177.93396	1.452979
1181.395996	1.452963
1184.857788	1.452947
1188.31958	1.452931
1191.781372	1.452915
1195.243042	1.4529
1198.704712	1.452884
1202.166138	1.452869
1205.627563	1.452854
1209.088989	1.452839
1212.550171	1.452824
1216.011353	1.452809
1219.472412	1.452795
1222.93335	1.45278
1226.394287	1.452766
1229.855225	1.452752
1233.315796	1.452737
1236.776489	1.452724
1240.236938	1.45271
1243.697266	1.452696
1247.157593	1.452682
1250.617798	1.452669
1254.077881	1.452655
1257.537842	1.452642
1260.997559	1.452629
1264.457275	1.452615
1267.91687	1.452603
1271.376343	1.45259
1274.835693	1.452577
1278.294922	1.452564
1281.754028	1.452552
1285.213013	1.452539
1288.671753	1.452527
1292.130493	1.452515
1295.588989	1.452502
1299.047363	1.45249
1302.505615	1.452478
1305.963745	1.452466
1309.421753	1.452455
1312.879639	1.452443
1316.337158	1.452431
1319.794678	1.45242
1323.252075	1.452408
1326.709229	1.452397
1330.16626	1.452386
1333.623291	1.452375
1337.079834	1.452364
1340.536377	1.452353
1343.99292	1.452342
1347.448975	1.452331
1350.905029	1.45232
1354.360962	1.45231
1357.81665	1.452299
1361.272095	1.452289
1364.727295	1.452278
1368.182495	1.452268
1371.637451	1.452258
1375.092163	1.452248
1378.546753	1.452237
1382.001221	1.452227
1385.455322	1.452217
1388.909302	1.452208
1392.363037	1.452198
1395.81665	1.452188
1399.27002	1.452179
1402.723145	1.452169
1406.176025	1.45216
1409.628784	1.45215
1413.081299	1.452141
1416.533691	1.452132
1419.985718	1.452122
1423.437622	1.452113
1426.889282	1.452104
1430.340698	1.452095
1433.79187	1.452086
1437.24292	1.452077
1440.693604	1.452068
1444.144165	1.45206
1447.594482	1.452051
1451.044434	1.452042
1454.494263	1.452034
1457.943726	1.452025
1461.393066	1.452017
1464.842163	1.452008
1468.291016	1.452
1471.739502	1.451992
1475.187866	1.451984
1478.635986	1.451976
1482.08374	1.451967
1485.53125	1.451959
1488.978516	1.451952
1492.425537	1.451944
1495.872314	1.451936
1499.318726	1.451928
1502.764893	1.45192
1506.210938	1.451913
1509.656494	1.451905
1513.101929	1.451897
1516.547119	1.45189
1519.991943	1.451882
1523.436401	1.451875
1526.880615	1.451867
1530.324585	1.45186
1533.768311	1.451853
1537.21167	1.451846
1540.654785	1.451838
1544.097534	1.451831
1547.540039	1.451824
1550.982178	1.451817
1554.424072	1.45181
1557.865723	1.451803
1561.307007	1.451796
1564.747925	1.451789
1568.188721	1.451783
1571.629028	1.451776
1575.06897	1.451769
1578.508667	1.451763
1581.947998	1.451756
1585.387085	1.451749
1588.825928	1.451743
1592.264282	1.451736
1595.702393	1.45173
1599.140137	1.451723
1602.577515	1.451717
1606.014526	1.451711
1609.451294	1.451705
1612.887695	1.451698
1616.32373	1.451692
1619.759521	1.451686
1623.194824	1.45168
1626.629761	1.451674
1630.064453	1.451668
1633.498779	1.451662
1636.932739	1.451656
1640.366455	1.45165
1643.799561	1.451644
1647.232422	1.451638
1650.664795	1.451632
1654.097046	1.451626
1657.528687	1.451621
1660.960205	1.451615
1664.391235	1.451609
1667.821899	1.451604
1671.252197	1.451598
1674.682007	1.451593
1678.111572	1.451587
1681.540649	1.451581
1684.96936	1.451576
1688.397705	1.451571
